1665 0.637962985
1670 0.512291767
1669 0.867153941
1673 0.763002548
1670 0.69200591
1665 0.568738337
1666 0.874730023
1665 0.768977281
1668 0.695817017
1670 0.455903339
1665 0.447869757
1669 0.374697057
1677 0.574017365
1665 0.520706067
1682 0.582937902
1665 0.665795895
1663 0.711889479
1666 0.406578916
1664 0.471074058
1663 0.837958116
1683 0.45075998
1666 0.466287267
1674 0.3406373
1664 0.658807088
1666 0.570595716
1674 0.593615286
1664 0.509654889
1663 0.503357792
1663 0.70114838
1662 0.630670576
1665 0.836949863
1666 0.345750024
1665 0.574374951
1664 0.41580795
1666 0.615339403
1691 0.308576706
1665 0.904605188
1675 0.588685731
1665 0.459316497
1665 0.342329589
1662 0.652813817
1663 0.400532945
1679 0.729267095
1682 0.854785167
1672 0.655523992
1664 0.820639714
1665 0.946973779
1675 0.481407732
1679 0.478814612
1668 0.514947992
1675 0.775222275
1664 1.229817975
1664 0.456183092
1664 0.680587393
1671 0.709180028
1674 1.04386162
1666 0.766561695
1665 0.478185428
1664 0.509101466
1680 0.424756676
1680 0.318686088
1663 0.542974031
1672 0.661975228
1674 0.843584493
1668 0.750979796
1671 0.856266951
1674 0.347570088
1665 0.448352213
1663 0.605721563
1685 0.809725823
1664 0.453214397
1665 0.406496719
1665 0.619351706
1685 0.423358083
1664 1.087142034
1668 0.673931001
1663 0.484206449
1668 0.999474075
1666 0.565629546
1663 0.539914485
1674 0.814571911
1665 0.70217679
1677 0.534757444
1665 0.371624559
1672 0.456184337
1694 0.567114387
1671 0.660233887
1679 0.606810242
1665 0.570028145
1665 0.498685875
1675 0.456840248
1666 0.706623051
1671 0.613284534
1670 0.82567272
1662 0.441201304
1683 0.435942514
1671 0.444854206
1687 0.440133882
1663 0.639490036
1663 0.409458265
1664 0.506263328
1666 0.54000034
1666 0.388911188
1664 0.442794092
1671 0.723945181
1665 0.603254464
1663 0.494692304
1665 0.626491405
1674 0.477412338
1675 0.591118332
1671 0.387255639
1682 0.627057764
1680 0.525447656
1674 0.595435413
1665 0.403601191
1665 0.465618757
1668 0.517463466
1662 0.685042167
1675 0.505840272
1663 0.46210042
1674 0.445326821
1663 0.425742663
1672 0.539506858
1665 0.710865172
1666 0.336410885
1666 0.350243704
1674 0.368996935
1663 0.992896954
1679 0.606496233
1665 0.446586597
1665 0.684167681
1668 0.543019707
1664 0.632861488
1668 0.687510531
1672 0.708595685
1674 0.624986879
1666 0.574104232
1665 0.584624099
1675 0.42169232
1665 0.777161534
1664 1.05189613
1664 0.568467966
1679 0.465288337
1689 0.524086035
1665 0.78676333
1674 0.390583344
1663 0.533877082
1666 1.164916683
1676 0.79039039
1665 0.854116433
1665 0.939555948
1668 0.514837732
1665 1.02016357
1666 0.658316158
1697 0.43405458
1665 1.013065296
1674 0.426664289
1663 0.370650877
1668 0.522213257
1674 0.473732893
1665 0.496067056
1663 0.534642929
1663 0.713174923
1674 0.745567511
1674 0.365713908
1663 0.519186021
1672 0.640620095
1670 0.418006029
1674 0.664239343
1664 0.815165573
1672 1.000977835
1674 0.444097855
1664 0.568203011
1666 0.606291332
1666 0.783536405
1668 0.949406202
1663 0.600693567
1674 0.445063918
1672 0.411202433
1665 0.443416063
1665 0.806248253
1663 0.648873431
1685 0.418365542
1665 0.928193294
1668 0.734543424
1663 0.559223098
1662 0.556622397
1688 0.515634223
1666 0.377358958
1669 0.456557029
1664 0.383846716
1665 0.401940612
1674 0.841318136
1665 0.6193701
1663 0.895283931
1675 0.741483082
1673 0.553747058
1664 0.49550149
1665 0.505989618
1663 0.646585577
1662 0.589086928
1665 0.413370684
1669 0.408517937
1663 0.76836929
1665 1.107232416
1665 0.486121448
1665 0.656746143
1665 0.439931103
1668 0.534756266
1699 0.333935125
1662 0.463161533
1672 0.408927215
1666 0.484608129
1663 0.452772291
1672 0.456589914
1668 0.513754328
1672 0.505385215
1678 0.685169387
1662 0.925109207
1674 0.598393176
1664 0.672684532
1676 0.57439929
1674 0.583911224
1666 0.826991085
1671 0.692927309
1664 0.838609851
1663 0.90609121
1665 0.789636308
1664 0.882982163
1666 0.461793286
1663 0.495384197
1664 0.784359572
1664 0.569324542
1688 0.418869102
1687 0.570160115
1688 0.527173132
1665 0.958413719
1665 0.487429494
1668 1.076006889
1691 0.340062861
1671 0.805108985
1663 0.491697724
1672 0.906083196
1672 0.407554658
1666 0.665666126
1665 0.543122893
1682 0.49777627
1664 0.392456802
1663 0.530724394
1665 0.834555173
1663 0.889364163
1662 0.907934003
1666 0.497457067
1669 0.888706352
1665 0.641605237
1665 0.806287889
1674 0.528688938
1674 0.592803588
1679 0.75102203
1665 0.724023509
1665 0.718309808
1663 1.05155692
1665 0.575565087
1665 0.841317213
1665 0.593460417
1668 0.372605997
1672 0.448782989
1684 0.383735735
1677 0.406646125
1665 0.52280117
1664 0.583316773
1668 0.553015161
1674 0.747610223
1664 0.890707651
1663 0.933773861
1663 0.378992597
1665 0.396709939
1663 0.501111624
1674 0.527695186
1697 0.347750044
1662 0.758625934
1675 0.508773308
1668 0.497637681
1664 0.465223538
1664 0.593325558
1672 0.499757456
1664 0.810836392
1677 0.752502797
1664 0.641148443
1666 0.481997291
1678 0.303513108
1672 0.275460368
1664 0.53238637
1682 0.366499815
1674 0.36976088
1663 0.449231411
1664 0.447675375
1674 0.572727727
1672 0.433638992
1666 0.535226661
1672 0.55247752
1666 0.681179058
1674 0.296875836
1663 0.590626881
1687 0.42048688
1665 0.618397605
1663 0.702463145
1663 0.583021826
1663 1.03479761
1668 0.679556778
1674 0.392056016
1663 0.63202367
1675 0.616585818
1673 0.359598664
1671 0.632503204
1682 0.696259545
1666 0.624914626
1669 0.710915186
1665 0.723458243
1664 0.498234896
1665 0.713844102
1664 0.65578873
1665 0.36583121
1665 0.35982228
1674 0.480083205
1664 0.437313673
1664 0.495969181
1665 0.89689016
1675 0.484812142
1666 0.406910774
1672 0.698314888
1665 1.276719961
1680 0.601439331
1672 0.907367277
1687 0.511066717
1672 0.559366731
1674 0.714313203
1665 0.614278364
1662 0.651515032
1664 0.736059423
1664 0.737211972
1674 0.680464604
1663 0.875433984
1688 0.632987292
1665 0.567024176
1674 0.509422069
1668 1.125392185
1663 0.870979789
1664 0.83015673
1664 0.886482202
1663 0.604114882
1690 0.551151963
1663 0.661680941
1664 0.720572128
1680 0.428098103
1672 0.504874218
1663 0.397995198
1665 0.567383251
1665 0.623897763
1662 0.424348835
1674 0.721357713
1666 0.406120784
1663 0.596537772
1674 0.293099009
1663 0.45401927
1663 0.360394727
1672 0.803007532
1664 0.655472031
1663 0.799469602
1677 0.254382868
1680 0.270152711
1677 0.425555582
1662 0.47327918
1668 0.525302152
1668 0.879391363
1666 0.931488449
1671 0.722262369
1673 0.461766333
1665 0.501333205
1665 0.382901668
1665 0.43426448
1663 0.473001449
1663 0.479613144
1676 0.50514603
1675 0.507051538
1672 0.623793066
1674 0.44109458
1665 0.652870927
1662 0.689615743
1663 0.664549886
1683 0.738405995
1664 0.850467718
1674 0.947839809
1681 0.630394171
1663 0.453775671
1666 0.61469959
1666 0.705570064
1666 0.684188587
1668 0.667097832
1665 0.616718616
1675 0.835054927
1664 0.524681982
1674 0.487006246
1663 0.751010576
1688 0.704695698
1668 0.658700298
1663 0.515027633
1670 0.357556192
1664 0.663403797
1672 0.503473947
1668 0.569584524
1668 0.671818567
1665 0.57797813
1679 0.49157698
1671 0.582973215
1663 0.448120963
1663 0.555730954
1666 0.727361786
1665 0.541219474
1679 0.338307804
1663 0.54156081
1666 0.45748488
1664 0.602278058
1685 0.391619174
1668 0.379691982
1663 0.350085884
1666 0.44093794
1674 0.764003608
1672 0.595622936
1674 0.530636781
1684 0.399254786
1663 0.460431714
1672 0.420197774
1670 0.51054907
1668 0.601354364
1688 0.414998624
1665 0.858581356
1678 0.34821471
1688 0.596937784
1666 0.826096702
1662 0.911038486
1666 0.606829902
1665 0.453175514
1668 0.555965985
1664 0.625972494
1664 0.814887185
1678 0.625709818
1664 0.678290758
1682 0.888301503
1663 0.844706934
1663 0.81789828
1674 0.959532431
1668 0.809858922
1665 0.660007464
1665 0.639648612
1664 0.686429974
1671 0.609975994
1666 0.559165462
1674 0.493298094
1662 0.56435355
1662 0.775461435
1672 0.633045023
1679 0.606873235
1674 0.623452664
1671 0.839473379
1665 0.554969553
1663 0.623269486
1670 0.619487183
1666 0.641914437
1685 0.542115151
1672 0.461853911
1666 0.890689468
1672 0.394866259
1664 0.520568816
1679 0.52195654
1665 0.677761341
1663 0.884396637
1666 0.423325379
1670 0.814710867
1663 0.811353213
1666 0.425825237
1666 0.52116791
1674 0.3442831
1674 0.612607335
1674 0.656685492
1666 0.962831624
1672 0.678612946
1663 0.680355432
1671 0.606569889
1672 0.675562887
1675 0.78689816
1665 0.347457978
1673 0.763596705
1665 0.398212708
1666 0.461641591
1664 0.73476128
1663 0.953586341
1671 0.37533202
1663 0.528626042
1665 0.562111138
1672 0.608886542
1664 0.511947346
1665 0.398410303
1674 0.581870462
1663 0.467198972
1665 0.433027055
1674 0.481193928
1663 0.698156437
1670 0.596353663
1668 0.575453569
1672 0.709945406
1665 1.105158947
1666 0.654108694
1679 0.560518209
1683 0.482553131
1666 0.89460882
1683 0.505206588
1662 0.578258283
1672 0.602462411
1685 0.653797905
1672 0.759392509
1664 0.861835405
1672 0.354875621
1664 0.656493188
1664 0.811733511
1677 0.480627865
1668 0.564272267
1665 0.413853371
1666 0.57127919
1672 0.631810287
1663 0.95895901
1663 0.675471358
1664 0.659858013
1671 0.43632588
1663 0.505610829
1675 1.000471871
1665 0.962527288
1674 0.78898174
1664 0.516819261
1665 0.74584978
1664 0.37909491
1675 0.549690128
1665 0.953294646
1672 0.704304383
1666 0.46325507
1662 0.536458625
1663 0.406397007
1665 0.627669837
1663 0.793465385
1664 0.712816834
1663 0.807716568
1665 0.711444659
1665 0.486425967
1664 0.657527783
1666 0.87084963
1664 0.557504306
1664 0.734828194
1674 0.579486169
1679 0.457922056
1679 0.447949257
1674 0.430009961
1663 0.577531751
1665 0.725576162
1677 0.641447495
1665 0.523197431
1665 0.586403232
1675 0.407861454
1662 0.51740626
1665 0.744381085
1666 0.809748762
1664 0.705817254
1684 0.266738011
1674 0.529134204
1662 0.639374351
1674 0.64353739
1668 0.635497511
1665 0.538689053
1665 0.561854013
1666 0.519231644
1664 0.93245469
1673 0.471641097
1666 0.42135311
1664 0.656186718
1662 0.420743297
1662 0.353915664
1709 0.30134733
1665 1.157941122
1662 0.932331743
1674 0.828303518
1666 0.737692394
1676 0.78603414
1677 0.46405476
1675 0.426120182
1677 0.386796707
1669 0.40487835
1688 0.337301951
1679 0.358074113
1674 0.366858563
1674 0.57539344
1672 0.446914024
1665 0.511813648
1668 0.391574682
1674 0.303536305
1665 0.365535489
1666 0.492277264
1672 0.456499981
1663 0.902651369
1663 0.659470118
1666 0.850972109
1666 0.599405356
1673 0.364902887
1673 0.427391981
1664 0.460440512
1665 0.328900729
1665 0.539627289
1676 0.395959195
1684 0.526741399
1688 0.443549886
1666 0.48333619
1663 0.626083389
1678 0.893631921
1671 0.443281723
1664 0.470846715
1666 0.483342185
1665 0.51996125
1666 0.881960982
1670 0.613738015
1679 0.520203136
1664 0.730376595
1672 0.775063952
1674 0.501156557
1665 0.627252158
1666 0.732397604
1676 0.468377065
1672 0.770031496
1663 0.495284947
1672 0.571450121
1664 1.091731594
1663 0.938179053
1668 0.675068016
1665 1.246913309
1673 0.9549855
1676 0.314098296
1671 0.591908303
1664 0.601734927
1663 0.610183594
1664 0.805401326
1665 0.615167814
1671 0.47695633
1674 0.430373758
1672 0.461697508
1677 0.53282809
1668 0.459581793
1662 0.475516428
1666 0.54476457
1671 0.385603667
1666 0.548703161
1665 0.46032423
1665 0.672542535
1677 0.434200192
1672 0.556201568
1674 0.683294189
1665 0.532138151
1672 0.33174299
1666 0.496117519
1665 0.389063359
1663 0.423746717
1666 0.673352932
1664 0.3740987
1662 0.648641419
1666 0.758953729
1668 0.952556407
1663 0.490891851
1663 0.387036786
1663 0.68766191
1668 0.321547666
1674 0.490301207
1674 0.396192903
1679 0.423048704
1674 0.477204127
1666 0.482453704
1664 0.56809128
1664 0.613261527
1685 0.492194396
1663 0.819301115
1663 1.15878782
1664 0.555583027
1663 0.883045431
1662 0.593046913
1670 0.636954568
1666 0.576160492
1664 0.89123433
1666 0.740432089
1665 0.65180217
1666 0.777875203
1675 0.455267075
1665 0.640280666
1668 0.652649511
1665 0.600912536
1663 0.628823838
1663 0.904700335
1663 0.825152912
1665 0.709036029
1663 0.833523482
1668 0.706913865
1664 0.602199473
1666 0.436010567
1677 0.468802773
1665 0.615595177
1663 0.880563419
1690 0.67411718
1670 0.982182519
1665 0.731602277
1665 0.450261303
1688 0.670473264
1674 0.424125363
1683 0.376633818
1682 0.442814958
1671 0.866689338
1665 0.833728757
1726 0.381653664
1674 0.404203943
1691 0.497883752
1673 0.587732689
1666 0.507691804
1665 0.434861746
1672 0.458713518
1666 0.535892508
1672 0.32853837
1674 0.435671119
1675 0.401176154
1663 1.083517252
1688 0.48038213
1663 0.636387845
1674 0.484218143
1673 0.830218751
1674 0.4778182
1674 0.377561617
1680 0.428459109
1673 0.568833764
1688 0.737388619
1665 1.12445365
1672 0.663017473
1668 0.554897636
1664 0.524998876
1666 0.455633569
1674 1.089172048
1682 0.365984913
1668 0.416642709
1663 0.580516209
1682 0.355582144
1663 0.836592755
1683 0.566307671
1665 0.607781497
1665 0.575071027
1666 0.596959963
1676 0.380709446
1666 0.480066495
1673 0.416633052
1674 0.731141445
1693 0.560494799
1672 0.589677429
1688 0.50663395
1672 0.782360247
1670 0.833323023
1682 0.642633275
1673 0.707381345
1665 0.538726687
1665 0.621635551
1690 0.216577305
1665 0.527213193
1674 0.449920761
1665 0.710409641
1672 0.54210287
1664 1.049584139
1666 0.698005579
1665 0.496035609
1685 0.599523158
1679 0.831821954
1665 0.842462931
1664 0.848229864
1674 0.591945634
1665 0.48267496
1674 0.957263604
1666 0.691068331
1672 0.5317348
1694 0.480431045
1670 0.942289652
1665 0.940310609
1679 0.603392688
1665 0.639602227
1671 0.653929283
1665 0.708704459
1666 0.850965072
1679 1.05024084
1666 0.687763427
1663 0.436655399
1672 0.444585457
1663 0.441629525
1665 0.477067127
1665 0.393446143
1688 0.776674377
1665 0.691327643
1663 0.573997421
1673 0.479936095
1665 0.546117533
1666 0.457849536
1674 0.648716458
1675 0.859098288
1666 0.592922181
1677 0.433688233
1674 0.684708074
1665 0.80581409
1662 0.792373235
1666 0.454445128
1677 0.864374691
1673 0.462279456
1676 0.465237864
1664 0.638761018
1664 0.549154351
1665 0.877713609
1668 0.367346297
1669 0.585804673
1663 0.56320602
1664 0.893798319
1666 0.455182305
1674 1.070774644
1672 0.814610587
1663 0.664401395
1672 0.652807792
1674 0.822466091
1668 0.675471661
1663 0.486372662
1677 0.668428113
1663 0.903451175
1666 0.396147531
1668 0.433709636
1663 0.403014559
1663 0.450950091
1677 0.573679704
1670 0.831171596
1676 0.473409223
1674 0.642444688
1665 0.658340309
1676 0.962179781
1663 0.794592094
1665 0.626420022
1666 0.523561033
1664 0.441587274
1664 0.423731765
1668 0.935560445
1663 0.579268823
1672 0.392399849
1666 0.438312738
1663 0.620785507
1663 0.805916629
1665 0.802574508
1672 0.623653285
1663 0.924275
1663 0.516110726
1670 0.41537904
1665 0.403804315
1674 0.893318648
1674 0.486301298
1671 0.456878686
1668 0.703331606
1664 0.713876272
1665 0.621041618
1665 0.515641381
1669 0.363491331
1668 0.769457506
1663 0.477939722
1674 0.453774963
1663 0.652440773
1665 0.526972261
1674 0.493611409
1666 1.174662909
1664 0.562305597
1675 0.700114558
1664 0.992498576
1680 0.446118409
1669 0.816629233
1666 0.535043285
1666 0.525119377
1671 0.515979821
1663 0.487833628
1666 0.460056466
1705 0.3546419
1664 0.438300673
1673 0.60759506
1672 0.487489138
1672 0.461734708
1663 0.660176363
1663 0.627338982
1665 0.616326884
1665 0.498234044
1663 0.708577745
1670 0.37717514
1665 0.815063551
1665 0.783085087
1665 0.639177656
1672 0.655587256
1679 0.368218922
1666 0.470733933
1665 0.632156374
1663 0.619053601
1674 0.452399054
1665 0.612660485
1674 0.886888945
1662 0.992952341
1676 0.52708601
1674 0.418068499
1666 0.684482684
1668 0.745302388
1674 0.522535142
1688 0.60301733
1665 1.034224652
1665 0.75448035
1663 0.508216145
1674 0.757888713
1662 1.022165821
1666 0.477299512
1679 0.587814614
1674 0.572879185
1662 0.522170319
1674 0.465029914
1664 0.953591536
1671 1.026955378
1666 1.132348678
1672 0.701408975
1668 0.846644184
1666 0.396787959
1663 0.338204051
1666 0.320059842
1666 0.51851289
1666 0.574235593
1680 0.365509794
1676 0.398955886
1663 0.41531771
1674 0.513031369
1663 0.560783921
1668 0.555877903
1674 0.375170462
1665 0.441701443
1666 0.557723422
1664 0.515520901
1666 0.94463802
1673 0.460663553
1666 0.624365706
1665 0.657282055
1674 0.803770074
1664 0.99109261
1679 0.423011144
1665 0.57581019
1666 0.453020085
1674 0.371557473
1665 0.420428124
1674 0.503038143
1682 0.462205265
1669 0.696097245
1690 0.31339308
1672 0.815866041
1671 0.554255809
1670 0.403416776
1665 1.016547596
1668 0.776852443
1666 0.63730364
1679 0.59792085
1674 0.556347025
1664 0.458135665
1664 0.443743242
1662 0.968827541
1712 0.457328247
1677 0.717357408
1662 1.074360028
1663 0.590808588
1666 0.406249903
1666 0.528534434
1663 0.440135322
1674 0.471217507
1663 0.578707824
1676 0.481627227
1666 0.678343189
1676 0.398934266
1664 0.764985374
1662 0.664580581
1672 0.614568565
1664 0.949602104
1666 0.492727937
1666 0.450458775
1664 0.612487471
1668 0.501140246
1666 0.626158082
1682 0.426023738
1665 0.65320332
1663 0.569917409
1662 0.464977155
1695 0.542463138
1674 0.593933139
1693 0.547729339
1666 0.734255268
1670 0.852052319
1662 0.934298374
1683 0.628936304
1665 0.865099965
1662 0.713926414
1720 0.407919044
1663 0.51935193
1663 0.347795378
1666 0.616051801
1664 0.822598845
1663 0.834625089
1665 0.693884064
1664 0.882294609
1668 0.520339613
1663 0.851892025
1663 0.639757368
1688 0.509014515
1663 0.439834109
1664 0.583834155
1666 0.690595436
1672 0.467571565
1664 0.400199974
1683 0.400122025
1663 0.679361464
1672 0.829889316
1665 0.835621008
1666 0.389238565
1663 0.579672557
1666 0.864464124
1666 0.710350297
1669 0.608587191
1676 0.541684391
1674 0.570106318
1666 0.534848512
1677 0.457964302
1664 0.640160729
1685 0.574102224
1662 0.479389117
1665 0.602802977
1663 0.684125612
1663 0.613023211
1663 0.514692493
1665 0.553633591
1665 0.459881604
1672 0.437442242
1662 0.735632287
1674 0.581057068
1666 0.522379295
1674 0.698176709
1671 0.555769907
1693 0.554575124
1666 0.626089673
1672 0.557107748
1665 0.568120276
1662 0.73226629
1665 0.599288617
1695 0.638069693
1664 0.591045175
1662 1.190922031
1674 0.368096187
1674 0.579306763
1674 0.460704683
1674 0.508511385
1665 0.477500003
1666 0.652463915
1663 0.537498937
1674 0.61290074
1666 0.561819619
1674 0.421303622
1666 0.403560324
1687 0.415777441
1674 0.539483546
1668 0.407442253
1662 0.513323851
1663 0.453313421
1665 0.525055902
1666 0.472299855
1669 0.52633858
1673 0.416904151
1665 0.734176113
1674 0.375061123
1666 0.668233358
1665 0.685849208
1672 0.50845441
1666 0.42596187
1677 0.486409554
1674 0.387858659
1674 0.54038859
1665 0.428289067
1678 0.970752056
1666 0.755875649
1668 0.476309801
1679 0.546670347
1663 0.486478789
1664 0.474804896
1664 0.537243072
1666 0.539523763
1665 0.530109184
1663 0.722101819
1665 0.552450312
1674 0.535565086
1662 0.4965686
1682 0.552305625
1679 0.684128699
1672 0.737012321
1671 0.385820671
1665 0.510185347
1666 0.552145825
1666 0.571419062
1672 0.780916962
1666 0.857579342
1674 0.492560309
1666 0.393555594
1664 0.427288959
1665 0.358260362
1664 0.405528034
1666 0.616530363
1684 0.571404486
1662 0.971394393
1676 0.672893079
1687 0.291972091
1674 0.336342536
1675 0.412919633
1663 0.900417573
1666 0.540584021
1665 0.43974156
1663 0.750166426
1688 0.627481027
1665 0.594447386
1675 0.50216038
1677 0.497245408
1665 0.46086702
1662 0.64315893
1672 0.636899521
1663 0.52962681
1668 0.8617553
1663 0.575464396
1668 0.962909764
1664 0.800303127
1685 0.723303018
1664 0.573492174
1662 0.792306351
1675 0.569058709
1676 0.450174817
1664 0.381049748
1672 0.453850647
1665 0.818097734
1663 0.446335453
1665 0.566541373
1684 0.486698713
1670 0.583548597
1664 0.50450068
1673 0.753712692
1688 0.421011593
1674 0.56436537
1672 0.530163234
1663 0.605574662
1672 0.977106088
1664 0.67822083
1664 0.605941336
1679 0.427406667
1674 0.460862009
1674 0.705731105
1665 0.77530402
1674 0.459003895
1665 0.680595625
1688 0.611823905
1662 0.495699917
1672 0.331112701
1664 0.631834468
1671 0.527658581
1674 0.514296727
1674 0.697361525
1665 0.702587245
1679 0.474129715
1664 0.554340928
1679 0.655481481
1665 0.564168973
1673 0.709209339
1707 0.297704246
1665 0.827538141
1666 0.685611959
1664 0.626073911
1664 0.557592925
1683 0.373738908
1674 0.624634851
1662 0.555614664
1666 0.785252856
1666 0.688831772
1672 0.445689979
1666 0.496163446
1663 1.219301766
1668 0.815093426
1674 0.546447647
1665 0.776716995
1662 0.588766461
1672 0.516539999
1674 0.5054034
1672 0.466193229
1666 0.65017181
1664 0.330861129
1664 0.450042396
1665 0.456734871
1677 0.392243423
1672 0.466427875
1675 0.46304538
1663 0.578003658
1663 0.670546916
1666 0.532987878
1676 0.373457482
1668 0.413726064
1666 0.564910336
1674 0.790742785
1676 0.368468877
1674 0.309515322
1668 0.771527894
1668 0.836970149
1664 0.914862816
1663 0.600399706
1666 0.874233356
1663 0.687018304
1674 0.308441003
1705 0.403619424
1674 0.551211763
1663 0.565554905
1663 0.840672121
1665 0.798135161
1666 0.413419046
1663 0.829366534
1666 0.653741466
1666 0.566141621
1665 0.75266855
1663 0.556128252
1666 0.628991431
1679 0.437946378
1665 0.577255688
1685 0.428925873
1665 0.451222702
1677 0.819120918
1668 0.749548797
1665 0.519140293
1679 0.562438738
1666 0.516194607
1666 0.471480248
1676 0.507697823
1674 0.497752544
1664 0.878419807
1676 0.566059462
1666 0.743238674
1668 0.911128328
1666 0.570169073
1675 0.846895261
1665 0.580563053
1663 0.412490191
1671 0.662662842
1665 0.43120131
1662 0.643064346
1682 0.313913953
1666 0.466130551
1674 0.623507487
1669 0.750411088
1669 0.623679024
1674 0.696996521
1668 0.936337115
1664 0.634265489
1666 0.672629249
1680 0.773867991
1665 0.629802448
1663 0.531235495
1674 0.8765424
1665 0.458275562
1664 0.56762416
1663 0.415388606
1663 0.382099723
1675 0.538596898
1662 0.730617803
1670 0.823557338
1685 0.39017047
1665 0.420419839
1675 0.287959296
1663 0.882086427
1671 0.545402963
1665 0.823283949
1663 0.52207565
1665 0.611352613
1662 0.494827515
1679 0.412761087
1674 0.537741496
1676 0.475038751
1666 0.499353777
1668 0.616220516
1664 0.376049981
1665 0.767043539
1664 0.48481184
1665 1.032363428
1671 0.893504614
1664 0.649921327
1677 0.603429725
1674 0.562625375
1672 0.970266217
1672 0.642360071
1664 0.658144578
1668 1.035507777
1669 0.516345015
1688 0.395981668
1683 0.419368924
1676 0.561489083
1674 0.499570885
1665 0.896095032
1674 0.785703503
1672 0.568272933
1674 0.784820741
1665 0.742901954
1676 0.667899656
1668 0.471103292
1666 0.681759443
1663 0.976928621
1663 1.043196032
1672 0.666990142
1663 0.609831525
1663 0.824070487
1666 0.484996988
1665 0.572371681
1665 0.613024258
1666 0.552722632
1676 0.392636816
1671 0.502111689
1665 0.74351199
1674 0.687372838
1670 0.600402628
1662 0.442295819
1663 0.745775459
1665 0.734822692
1671 0.404714621
1663 0.678278255
1663 0.442140865
1663 0.853243111
1666 0.519747904
1666 0.444406946
1666 0.591708988
1663 0.358698547
1672 0.40463251
1672 0.571320327
1666 0.494448236
1666 0.422208264
1666 0.417549068
1662 0.588367215
1663 0.346479698
1663 0.524140122
1662 0.549710125
1674 0.566028611
1670 0.928834482
1666 0.734861609
1672 0.73869629
1665 0.681377659
1696 0.334893522
1668 0.758293984
1674 0.651766324
1662 0.573562883
1665 0.906668971
1662 0.719183241
1665 0.462674022
1679 0.398575017
1674 0.673804836
1672 0.974846494
1683 0.333615116
1665 0.38002684
1666 0.315174326
1663 0.627809967
1683 0.475820416
1674 0.468122157
1666 0.315061635
1664 0.530564673
1674 0.472670112
1665 0.470748272
1674 0.559447034
1670 0.526284005
1665 0.534573251
1666 0.623329511
1666 0.703617979
1662 0.666221643
1665 0.588489107
1679 1.018709291
1666 0.678167328
1672 0.808416202
1666 0.443014826
1666 0.526847177
1674 0.481083985
1664 0.718820359
1674 0.925291845
1674 0.379857226
1685 0.445424009
1679 0.611379244
1666 0.721805327
1673 1.089635565
1675 0.4711303
1663 0.685436208
1668 0.461781628
1674 0.614512697
1665 0.49406338
1665 0.554294718
1674 0.531196458
1666 0.44737716
1663 0.42933905
1677 0.650454734
1675 0.437808221
1665 0.816553966
1665 0.438088741
1666 0.984563629
1663 0.553446281
1671 0.655657372
1668 0.470560333
1676 0.489550824
1666 0.653709847
1672 0.546109229
1668 0.665900401
1679 0.910497605
1666 0.337796047
1664 1.092182101
1666 0.527542056
1684 0.407625168
1675 0.867039324
1681 0.777081208
1669 0.720103762
1663 0.600293216
1663 0.476561416
1666 0.701106945
1672 0.486508315
1679 0.518634672
1672 0.447569192
1665 0.443274006
1664 0.347416155
1674 0.591696676
1673 0.358832924
1666 0.585900012
1665 0.501716215
1685 0.52625121
1663 0.557169988
1676 0.663181856
1668 1.137005362
1665 0.601909081
1693 0.381085988
1668 0.591378402
1666 0.826329663
1662 0.520478781
1674 0.626969328
1666 0.579129732
1665 0.568233984
1665 0.519840612
1715 0.347376026
1668 0.390400949
1664 0.420409188
1665 0.476261732
1665 0.642388594
1668 0.954988562
1663 0.964308403
1664 0.621439935
1665 0.387003709
1664 0.639565527
1663 0.529368782
1688 0.311995961
1668 0.67362217
1664 0.603133083
1679 0.527789186
1674 0.782086648
1666 0.583778776
1663 0.936124153
1668 0.805302144
1663 0.765481307
1663 0.470122368
1665 0.638999096
1666 0.554701322
1668 0.489452141
1679 0.385873587
1674 0.65897636
1665 0.492425625
1670 0.491239105
1664 0.623634303
1671 0.440368658
1663 0.567624865
1669 0.665347683
1665 0.652030937
1679 0.339448689
1664 0.568505437
1664 0.698603239
1663 0.629628023
1687 0.506163573
1670 0.446473428
1679 0.376895686
1663 0.491797322
1665 0.656972621
1666 0.511834172
1666 0.335928214
1663 0.565896768
1665 0.600568547
1672 0.772090686
1666 0.696416363
1666 0.41206147
1689 0.569843638
1663 0.635623555
1665 0.749835969
1662 1.060373244
1674 0.867805937
1664 0.455085039
1691 0.57726919
1680 0.410999453
1672 0.46648123
1665 0.817952031
1663 0.492824462
1666 0.530616181
1668 0.714740345
1663 0.671420113
1673 0.408799552
1663 0.572253923
1664 0.74544038
1674 0.519846272
1675 0.912669708
1665 0.764256742
1666 0.864702681
1664 0.735501296
1665 0.442533674
1665 0.872871874
1672 0.663933826
1665 0.457055582
1674 0.358253301
1665 0.764452356
1666 0.637261142
1665 0.51184002
1670 0.469168045
1665 0.48230495
1665 0.401637371
1674 0.45960038
1671 0.801208033
1705 0.625350834
1672 0.446505487
1672 0.504884053
1665 0.811337112
1674 0.747074367
1669 0.767958574
1692 0.64270371
1674 0.57859426
1664 0.497163715
1674 0.616151233
1674 0.705219016
1663 0.613980155
1666 0.588177784
1666 0.633797864
1672 0.415892339
1674 0.536529688
1665 0.497267735
1674 0.681819937
1673 0.500548231
1664 0.468435484
1665 0.360203923
1664 0.767572568
1666 0.927878804
1666 0.8974317
1674 0.71580093
1664 0.538307306
1668 1.100153248
1670 0.45574182
1664 0.590527389
1664 0.311497696
1679 0.559296035
1668 0.565490535
1687 0.365413583
1666 0.491998271
1663 0.518971871
1674 0.532672125
1665 0.794106641
1669 0.361643677
1663 0.485633554
1664 0.572236795
1663 0.491246522
1668 0.752921428
1666 0.907639017
1664 0.604007831
1666 0.629479913
1662 0.720297144
1666 0.444397342
1664 0.748694145
1664 0.502570628
1663 0.444039738
1663 0.515624715
1685 0.618329043
1674 0.674700607
1663 0.528480628
1664 0.404620457
1665 0.61061495
1666 0.430013609
1669 0.618061877
1672 0.638892994
1668 0.691360403
1665 0.439755125
1675 0.554370611
1665 0.412800578
1674 0.296009758
1678 0.652174554
1663 0.906599898
1664 0.816029388
1665 0.45255366
1665 0.646200176
1665 0.626237418
1666 0.629583749
1665 0.515690246
1683 0.543048064
1672 0.623917339
1703 0.680065625
1670 0.448762687
1664 0.882884936
1677 0.680250867
1670 0.6403331
1683 0.816683296
1663 0.726822967
1662 0.898710093
1677 0.45700761
1666 0.695367615
1663 0.642062981
1680 0.455408617
1672 0.664239729
1665 0.463202145
1666 0.638821293
1663 0.863188198
1664 0.6005299
1676 0.305206726
1664 0.78514111
1664 0.555710959
1662 0.379538747
1663 0.38556822
1666 0.59309903
1684 0.403067007
1668 1.033901505
1666 0.719006095
1664 0.815357738
1672 0.698235502
1665 0.743197864
1675 0.488970728
1663 0.735409719
1663 0.867377499
1663 0.42254564
1662 0.734182517
1665 0.770778317
1665 0.767116245
1663 0.75088199
1663 0.971321093
1674 0.554707937
1672 0.986039553
1665 0.862161069
1673 0.465894287
1672 0.83103531
1665 0.403251281
1663 0.662674246
1682 0.361972759
1674 0.432266908
1672 0.488237594
1672 0.54717827
1665 0.509726662
1666 0.507768625
1665 0.398341801
1682 0.451109528
1664 0.447029469
1672 0.319410458
1665 0.432886986
1665 0.950628873
1664 0.539326824
1663 0.531139607
1685 0.657625435
1663 0.654639236
1668 0.700014846
1672 0.78864853
1664 0.574652299
1662 0.431789557
1670 0.508039859
1665 0.442983579
1674 0.661710158
1671 0.822899137
1668 0.512825353
1666 0.59682359
1663 0.830379168
1688 0.454308162
1665 0.674886409
1665 0.50111166
1663 0.544813677
1672 0.815450256
1665 0.865334143
1663 0.80749442
1693 0.66789169
1674 0.618882015
1688 0.464335273
1668 0.744334142
1666 0.774219106
1694 0.442689967
1688 0.591325614
1663 0.67946977
1671 0.838518063
1666 0.764867715
1674 0.390625448
1674 0.386903382
1674 0.300248445
1663 0.517786175
1678 0.457276378
1669 0.408563806
1663 0.668445931
1669 0.568672429
1666 0.401883045
1676 0.413665288
1663 0.911021649
1666 0.630487624
1666 0.765580898
1668 0.702853779
1664 0.837232284
1669 0.391673092
1675 0.516337644
1674 0.465160976
1674 0.72956976
1675 0.659248452
1663 0.761058526
1666 0.475131645
1662 0.898689159
1664 0.640635666
1664 0.883203225
1682 0.508430349
1666 0.517536012
1687 0.461765591
1664 0.919473357
1666 0.528395291
1662 0.86720155
1666 0.701040341
1666 0.723017486
1674 0.621584758
1666 0.693754046
1671 0.821726024
1679 0.500344643
1665 0.782206497
1672 0.407470173
1674 0.917652349
1665 0.529823666
1682 0.341333479
1663 0.380765598
1666 0.400145659
1674 0.67583617
1664 0.533305283
1680 0.39373185
1662 0.485956183
1668 0.576559465
1665 0.87954036
1663 0.699038178
1675 0.695405726
1674 0.423649013
1664 0.487526942
1674 0.518770598
1663 0.648601993
1665 0.494529221
1666 0.542722552
1665 0.396295891
1674 0.627070598
1672 0.370626798
1664 0.495838537
1665 0.583059023
1664 0.45546144
