1980 1.593561944
2004 1.294153415
1999 2.412505075
1991 1.796769316
2012 0.84407618
2002 0.975569711
1994 0.925801196
1986 1.308606577
1991 1.26039641
1991 2.206051255
1994 1.89511075
2012 0.984958392
1994 1.6069103120000001
1984 2.89691809
1997 1.749669592
2000 1.830454237
1986 1.397439002
1994 1.538951826
1989 2.257092392
2029 0.968004174
1986 1.4593311500000001
1988 1.5125277590000001
1981 1.526755796
1973 1.762370465
1989 2.036950607
1981 1.7057701349999999
1982 0.903098175
1993 1.941466948
1981 1.124907231
1993 1.208057403
2002 0.876198266
1994 2.008419028
1977 2.187605636
1997 1.911648788
2005 1.378554608
1986 1.9265121870000002
1998 0.559702274
2067 0.838509151
2005 1.7543263470000001
1994 1.5702372310000001
2031 1.78881907
1986 0.890332713
1977 1.323240688
1979 1.072197397
2011 1.403517083
1994 0.987079864
2000 1.155395724
2002 1.351960811
1991 1.308726918
2004 1.137852106
1994 1.150927658
2006 0.749442291
2007 0.897606155
2006 1.8500615919999999
1991 1.216152299
2008 0.752521924
1988 1.332824553
1986 1.233846301
1994 1.37547741
1989 1.457030549
1973 2.716938612
1988 1.9227723110000001
2002 2.125691312
1984 1.0560353
1994 0.812876211
2032 1.711275401
1986 0.96560307
1973 1.061810212
2003 0.714718793
1994 1.288914066
1973 1.1990497900000001
1998 0.980090304
2009 1.646137543
2006 1.281231806
2001 0.883197977
2014 0.850206167
1981 1.541705842
1993 2.203706518
1999 2.6188197779999998
1987 2.978638476
1993 1.66099619
2003 1.644112263
1984 0.850851898
2001 1.463431519
1988 1.126062488
1994 0.911035387
1991 1.58626127
1978 1.771941977
1984 2.165997121
2028 1.55481529
1996 1.8472706209999998
2011 2.005801157
2003 0.901009995
1980 1.142256856
1984 1.3407324649999999
2043 0.745388799
1999 1.900776072
1981 1.280412967
1994 0.939596717
1977 1.339949475
1978 1.347458407
2017 1.002428051
1994 0.966599164
1994 1.369008872
1990 1.22858847
1984 1.128309194
2006 0.988828033
1996 1.482719771
2004 1.252304407
1988 2.104892739
2026 2.06254763
2012 0.933573904
1994 1.891916271
1990 1.911100855
1988 0.779330975
2000 1.013787864
1991 1.278236161
1997 1.3092795289999999
1988 1.212864585
1991 0.742694899
1994 1.318879812
1997 1.120015458
2001 1.141672585
2002 1.361195772
1995 2.001924373
1977 1.769378509
2014 1.314434968
1981 0.753667261
1994 0.860754064
1997 1.158777562
1994 1.232210008
1989 1.3789659140000001
1994 1.051369023
2033 0.838950506
2003 1.5013456170000001
1994 0.846657204
1984 1.39597808
1980 1.000945707
2015 0.834325037
2002 1.422296517
1994 1.262574706
1973 1.742364506
1994 1.475025628
1988 1.8585050939999999
1988 2.479298318
2018 1.585349623
1980 1.204732371
1991 1.6866849959999999
1994 0.976565766
1999 1.361158414
2006 1.329704049
1988 2.106692911
1979 1.089566795
1984 1.2289781
1973 1.196493912
1994 2.213432502
1986 1.785267668
1993 1.618535385
2011 1.6385490169999999
1994 1.4430327250000001
2005 1.276015515
2010 1.1657491979999999
1981 2.119386615
1986 1.907406123
2012 0.839886209
1973 1.6488959680000002
1986 0.834815563
1988 1.802216061
1986 1.032990277
1977 0.998763494
1986 0.981661626
1991 0.981848751
1994 0.857901243
2014 1.1460024739999999
1984 1.590499849
1994 1.701399728
1994 1.471432921
1994 1.765436635
1997 0.788656581
2004 0.658359772
1973 2.117263743
1984 1.2884444369999999
1994 1.272506489
1986 0.993016594
1994 1.173452268
2012 0.847660717
1988 1.781625729
1994 1.21753351
1983 1.162876165
1986 1.536197582
2030 1.5958079139999999
2003 2.220676021
1991 1.932699626
1988 1.697101291
1994 1.544606966
1973 1.847951606
1990 0.899735775
1989 1.324500117
1987 1.080338803
1973 1.215194217
2004 1.310926462
1997 0.936457742
1993 2.240458936
1994 1.046803588
2014 1.285117227
1994 1.047139946
1993 0.991595297
1980 2.092223
1986 2.189971686
1973 1.457405166
1994 1.057992665
2002 1.241781835
1995 1.109265045
1984 1.617143251
1978 2.251692453
1991 1.208721631
2005 2.062583589
1990 1.730746451
2006 1.337668436
1994 1.241713881
1993 1.5458525189999999
1986 2.162159765
1986 1.373815609
1991 2.157695329
2008 1.430837638
2014 1.281358594
2003 1.445213785
1994 0.759630462
2006 1.558327131
1994 0.868831259
1973 1.51661098
1991 1.606613684
2008 1.135871657
2000 1.309042834
2010 1.047719896
1986 1.288841426
2008 0.904762145
1993 0.712630884
1987 1.072517502
1980 1.116264911
2001 0.912156127
1977 2.345641183
1989 1.243142544
2003 1.8113793299999998
1993 1.710378868
2012 2.69092662
2011 0.885514886
1988 1.821450075
1986 1.155340758
1986 1.270640841
1979 1.775988656
1995 1.652552442
2006 1.260320824
1990 1.471703916
1990 1.597825507
1994 1.6732211000000001
1993 1.522988565
1987 1.628871004
1994 2.004883004
1988 0.817240499
1986 0.959397645
2015 1.181998415
2001 1.344954742
1984 0.935765675
2004 1.251852043
1986 1.242822882
1994 1.355299494
1986 0.73022727
2005 0.765609201
1994 0.933940589
2002 0.955814486
2000 1.1819905099999999
2001 1.4344789869999999
1994 1.174870991
2006 1.166615509
1986 2.017380534
1994 1.613300852
1984 1.8779429429999999
2002 1.2865390030000001
1987 0.996439334
1984 1.628023193
1994 2.061065884
1984 1.499248404
1988 0.666838278
1997 2.121563698
2003 1.488874194
1994 1.4056980559999999
1994 1.095517408
2012 0.907194387
1973 0.893498372
2002 1.17037664
1979 0.830481074
2007 1.397987874
2008 0.958524679
1991 1.409628529
2020 1.544037812
1979 0.909487324
1979 1.585625545
1988 1.049450472
2001 1.126530169
2002 1.3423642949999999
1979 1.543452909
2003 1.215086054
2001 1.714171067
1994 2.3022863239999998
2012 1.5585927659999999
2022 1.4258041399999999
1998 1.9337746390000001
1981 1.5062331709999999
1997 1.009046275
1991 2.121220991
1991 1.838593642
1979 0.948426785
1973 1.632779583
1994 1.111606963
2011 1.979514403
1986 1.191010756
1999 1.816181018
2006 1.237549364
1993 1.611248279
2008 1.240957206
1994 2.418784063
1986 2.205872183
1991 1.598426881
1996 1.574522956
1986 1.587008255
1994 1.007642696
1991 1.297022364
2014 2.212495823
2000 1.419825965
1994 1.472288749
2002 0.947620119
1981 1.077199588
1994 1.565408752
1996 1.4147796559999999
1989 1.248795257
1992 0.849729076
1988 0.934368977
1977 0.995236407
1994 1.618317581
1977 1.639595567
2015 1.19705643
1979 1.680665259
1984 2.6634201749999997
2002 1.234615702
2004 1.3814345559999999
2012 0.944933449
1997 1.691064012
1997 1.8556307429999999
2015 0.902939578
1979 1.288768117
1994 1.267865797
1993 1.043776923
1993 0.929170171
2002 1.101152558
1994 1.597100075
1994 1.514091503
2014 1.825939523
2004 1.461010167
1984 1.481928113
1985 1.221018897
1999 0.972690061
1994 1.785308431
1994 0.824266703
1998 0.825671705
1973 0.957323702
1994 1.456655664
1994 1.086200411
2014 1.413285389
1986 1.142941089
1980 0.963255602
1986 0.998225391
1991 1.336526112
2008 0.970020808
2003 1.589393701
2003 1.296724943
1984 1.109267147
1987 2.0327503
1991 0.783762722
1973 1.0534070660000001
2012 2.447768606
1994 2.394157098
2004 1.539170791
2020 0.890461188
1994 0.948137901
1991 1.05518497
1991 1.124443242
1979 1.016725472
2000 1.851155074
1996 1.067024224
1994 1.8302100590000001
2008 1.633207995
2001 2.007778475
1998 1.187408262
1986 1.681232448
1994 1.879803963
2012 1.485994879
1978 2.271810038
1986 2.132094187
1973 1.527938045
1979 1.647144556
2011 0.835067665
1990 1.142843341
1986 1.193594715
1994 1.014354681
1990 0.889492631
1994 1.700817044
1986 1.757405487
1986 1.292895136
1982 1.265812686
1994 1.439192077
2003 1.5318450700000001
2005 1.084332704
1988 2.182824834
2000 1.217767109
2000 1.068029619
1996 2.324384844
1984 1.642766825
1983 2.049693941
1995 1.29516163
2006 1.414803228
2001 1.380913168
1994 1.188959431
2012 1.032777725
2012 0.887749056
1994 0.555725023
1973 1.964295782
1995 1.262503537
1992 2.211888731
1994 2.380201386
1991 2.216022966
1998 1.175285699
1993 0.979299874
2012 0.722230023
1984 2.663681836
2004 2.356741321
1993 2.899167512
1998 1.442839902
1994 1.363643795
1977 1.950468262
1984 1.1260957679999999
1991 1.477893897
1988 1.431254233
1991 0.738905451
1991 1.757908333
2003 1.251058568
2006 1.329065742
2017 1.621009393
1994 1.12552609
1992 1.198505723
2001 1.237738076
1979 1.262104098
1993 1.200536103
2046 0.742103595
1999 1.513286077
1992 1.187219935
1994 1.671532823
1994 0.972561739
2006 0.945287708
1996 1.563264587
2011 1.6347895559999999
1981 1.052798133
2005 1.045620191
1984 2.264702921
2012 1.974550899
1991 1.461065957
2006 1.314156195
2008 1.7673188720000002
1994 1.6267554899999999
1994 1.841781503
1977 2.045120593
1986 0.845878458
1993 0.674861288
1973 2.037242247
1996 1.479115878
1980 1.498159329
1993 1.6671958949999999
1978 1.038117143
2014 1.823386276
1998 1.9701469459999998
1993 1.423637839
1991 1.789915441
1994 2.6671612319999998
2003 1.244559839
1977 1.365119752
1987 1.997862673
2012 1.063880544
1994 0.807122794
2004 1.056995228
2020 1.036603641
2000 2.732907139
2001 1.509799511
2006 0.992385763
1997 1.734191754
1984 1.229382473
1994 2.097622233
1988 1.273140162
1978 1.657724137
1991 1.221443435
1986 1.210977996
1981 1.613335666
1997 1.257144609
1973 0.971644834
2015 1.164214519
2002 1.695878838
2016 1.545272639
2002 1.8871506120000001
2012 0.671022138
2003 1.9382282
1973 1.485703574
1984 1.738257197
2002 1.562035377
1987 1.246086648
1997 2.139092319
1979 1.5584690970000001
1991 1.5130306980000001
1993 1.424343297
1999 1.6399801219999999
1994 1.064399171
2003 0.819393323
2012 0.782468383
2011 0.973122478
1986 2.397474357
1979 1.602696485
1990 1.33972049
1991 1.692441657
2012 1.398495823
2001 1.248679134
2003 1.674245312
2006 1.291473125
2014 2.437361186
1991 1.715946875
2004 1.484548015
2015 1.280171965
2020 1.028598752
1994 1.420620861
1977 1.561090751
1986 1.523698455
1984 1.186067532
1990 1.264435313
2001 1.497307722
1979 1.9685188930000002
1994 0.680471729
1994 1.66286202
2003 1.258144627
1991 1.11047018
1994 1.214224889
1982 0.714052815
2058 0.818126924
1994 1.443626797
1993 1.191488268
1994 1.337330905
2003 0.820345109
2002 0.778773754
1993 0.984809674
1994 2.138380426
1994 1.397756868
1991 1.245471408
2006 1.194871796
1988 1.451695245
1995 1.21200626
1994 1.316244387
1973 2.284981934
1994 1.6534311609999999
1990 1.3161553449999999
1981 0.959996471
1981 0.914672522
1993 1.126400715
2012 0.913453255
1994 1.286469561
1995 2.2086136180000002
1996 1.63414444
2001 0.888251359
1986 2.713777223
2003 1.8077852
1979 1.267025659
1995 1.956384941
1994 1.605944306
1990 0.897818373
1994 1.102219813
1994 0.791851682
1996 1.251644376
1994 1.793672964
2001 0.878920236
1994 1.6914791999999998
1992 1.262213425
1994 1.318847165
2003 1.839799459
1994 1.081972773
1981 1.769985567
1988 0.965742543
1988 0.879221837
1996 1.2897670030000001
1973 0.970753842
1994 1.242175188
2002 0.708929747
1981 0.970017318
1994 0.92766264
2002 0.969080127
1983 1.174255955
1986 1.427267538
1990 2.094375043
1984 1.518039172
1994 2.380406851
1990 1.623616028
2004 2.388227773
1973 1.279689649
1986 1.801862769
2012 1.066811212
2001 0.999250221
1994 1.053754053
2001 0.974335817
2003 1.853562126
2005 1.060482138
2015 2.583931695
1995 1.5431621629999999
1984 1.229598291
1999 1.20164432
1973 2.347510187
1986 1.215617256
2012 0.922697822
1984 1.47769188
1994 2.576777122
1986 1.8398286069999998
1978 1.7739396859999998
2006 1.493563355
1994 1.755825285
2014 0.953005767
1994 1.278727784
2022 0.88265824
1977 1.8910430310000002
1994 2.054810172
1994 1.384876534
1993 1.756832382
1992 1.29149516
1987 0.924699902
2001 1.378065697
2018 1.123632141
1973 1.087588924
1986 1.584922151
1981 1.52848115
2005 1.334419327
1973 1.5035880270000002
2032 1.179339852
2004 1.546826738
2025 0.772775474
1981 1.252938599
1994 0.929553097
2001 0.943683163
1977 1.7756934100000001
1987 0.882410702
1994 1.365436031
1988 0.944386108
2014 0.667437175
1998 1.224715084
2003 0.791354397
1994 0.741829461
2008 1.096482726
1994 1.248971616
1981 1.246560611
2014 1.7130182349999998
1996 1.00772575
2037 1.2904700089999999
2012 1.081379017
1993 1.279512928
1977 1.140233681
2039 0.759896656
1993 1.060650249
1986 2.300219704
2020 1.288813951
1983 1.460954918
1986 0.990411943
1991 1.036229047
1986 1.239969345
2002 1.436956674
2011 1.453123918
1994 1.107843465
2002 1.254439046
1991 0.774454133
1986 1.473712666
2011 1.061236018
1994 1.472094885
1986 1.409152977
1986 1.104800859
2002 1.341268194
2009 1.954686439
1986 1.180854592
2005 1.915231657
1994 0.903764401
2016 1.186299641
1986 1.247710369
1994 1.2783794529999999
2005 0.968131923
1994 1.03186548
1990 1.049515513
1986 0.935485355
2006 1.164043078
2004 1.304931977
1994 1.22025546
1994 1.207825662
1980 1.587034268
1981 1.216248569
1991 1.172574751
2000 0.842428255
2006 1.441501485
1980 1.365932695
1993 0.832486969
2003 2.308702981
2002 1.365472705
1994 2.200186069
1991 1.20659696
2001 0.974751982
1998 1.305429413
1993 2.470365767
1984 1.612895001
1997 0.944632561
1977 1.2005060300000001
1988 1.481447314
1973 1.677400086
2004 1.521008283
2009 1.225289158
1984 1.154355458
2003 1.504155151
1997 1.1988968
1995 1.004149828
1989 2.175649879
1986 1.180754994
2015 1.09688407
1994 1.102679327
1986 1.3138828359999999
1994 1.389736943
2003 0.599176405
2013 0.829993451
1997 1.10230693
1998 1.169386509
1991 1.7105456060000002
1989 1.2923247039999999
1986 1.043752467
1973 1.654436003
1979 1.786253881
1981 0.886199232
1986 1.165032313
2005 2.05346629
2012 0.767005708
2020 0.899600815
1984 0.725545059
2006 1.045385865
2008 1.030559604
2015 0.72338261
2006 0.979962885
1993 2.545279748
1993 1.419110535
2008 1.458069075
1994 1.856871882
2000 1.361036697
1988 1.474845294
2002 1.2719469079999999
2000 0.894965768
1984 1.001304941
1981 1.233107151
2008 0.886987193
1994 0.746873295
1994 1.915915446
1991 2.5035729030000002
2018 1.9019485170000001
2003 1.4388599229999999
1998 1.727254405
2014 1.771574777
1994 1.159762539
1981 1.022630298
1995 2.7867270360000003
