1223 0.339729023
1242 0.209235348
1223 0.263963249
1223 0.210439489
1237 0.168699808
1234 0.166939067
1223 0.19732772
1223 0.190283275
1223 0.161085198
1223 0.176534447
1223 0.196373921
1223 0.222951149
1223 0.186310271
1223 0.190777401
1223 0.190444896
1223 0.220299717
1223 0.187083635
1233 0.160184005
1227 0.239519174
1228 0.185328458
1223 0.183902388
1227 0.181417659
1223 0.2582822
1242 0.178704961
1223 0.231074458
1223 0.197636492
1223 0.190859402
1223 0.174652845
1223 0.211995906
1223 0.260975677
1223 0.219332042
1227 0.271596645
1223 0.202017046
1223 0.224072424
1227 0.248161323
1223 0.211766004
1223 0.257889976
1237 0.208951565
1223 0.258428483
1227 0.24080113
1223 0.331773501
1242 0.23181653
1223 0.226115422
1223 0.293642919
1223 0.218449054
1223 0.160546941
1227 0.190373771
1223 0.174639019
1223 0.177477723
1223 0.197949512
1223 0.167867839
1233 0.138386561
1223 0.202736286
1227 0.265962076
1223 0.221975194
1223 0.20310204
1223 0.290939377
1223 0.223679669
1223 0.195475846
1223 0.174582907
1223 0.193481841
1223 0.171692952
1223 0.194907196
1223 0.196833468
1223 0.168687637
1227 0.194801642
1223 0.203196868
1223 0.191751741
1223 0.154374914
1223 0.166586155
1223 0.19524742
1223 0.222523245
1223 0.171891024
1223 0.181073991
1227 0.215351527
1223 0.220265439
1223 0.295042348
1223 0.295100828
1223 0.235545816
1223 0.205260439
1227 0.181655351
1223 0.189390428
1223 0.214095438
1223 0.21023535
1223 0.18432023
1223 0.143863275
1234 0.176686738
1223 0.194856038
1223 0.170725292
1223 0.209219293
1223 0.172174993
1223 0.213769846
1223 0.215175313
1227 0.247534181
1223 0.266047842
1223 0.234049102
1223 0.174553764
1223 0.199692664
1227 0.200648933
1223 0.157525697
1223 0.179225839
1223 0.205661489
1227 0.18275374
1223 0.1772435
1223 0.237189908
1254 0.18163091
1223 0.250807224
1223 0.225391081
1227 0.290374293
1227 0.240884451
1233 0.21225775
1223 0.1639918
1223 0.261401153
1233 0.200054268
1223 0.239117176
1223 0.311423962
1242 0.207154094
1227 0.279824154
1227 0.179119025
1227 0.215193459
1227 0.194968597
1223 0.263000848
1223 0.267626977
1223 0.256063797
1223 0.259056584
1223 0.252286235
1223 0.275828719
1223 0.259770273
1223 0.230136563
1223 0.243138968
1227 0.161530314
1223 0.225128715
1223 0.179445286
1223 0.19769713
1223 0.196521807
1223 0.18630109
1227 0.191115447
1223 0.275486999
1223 0.243284595
1223 0.182483263
1227 0.192787448
1223 0.227908936
1228 0.24640661
1227 0.292846207
1234 0.224662278
1227 0.221318889
1223 0.240499187
1223 0.243893947
1223 0.253425608
1223 0.181772885
1223 0.23353711
1223 0.204274086
1227 0.211793796
1223 0.214575437
1223 0.279605815
1223 0.203548849
1223 0.264996736
1223 0.167711215
1229 0.216283042
1223 0.1811385
1223 0.30986074
1223 0.260793212
1223 0.24508489
1227 0.180756018
1223 0.230521412
1227 0.215742279
1227 0.261302297
1223 0.257082469
1223 0.29471765
1223 0.166382827
1223 0.173949553
1227 0.183698647
1223 0.235281267
1223 0.250036008
1228 0.299973123
1237 0.195640292
1227 0.230101384
1237 0.201013792
1223 0.273822683
1223 0.220331222
1227 0.222825089
1223 0.210160797
1223 0.249670861
1223 0.20660346
1227 0.254418946
1242 0.213027179
1223 0.280721326
1223 0.237619137
1223 0.235774328
1227 0.199445844
1223 0.19494035
1240 0.161975554
1223 0.234170143
1228 0.170672938
1223 0.20595798
1227 0.192194195
1223 0.208808206
1237 0.168049387
1223 0.19821362
1227 0.172983901
1227 0.148092871
1223 0.187825731
1223 0.180056245
1234 0.192050591
1223 0.191135266
1227 0.16140218
1227 0.178155379
1223 0.180415535
1223 0.205328935
1223 0.290494837
1223 0.230577245
1228 0.311477517
1223 0.250155314
1223 0.209124613
1223 0.254418883
1227 0.228060978
1227 0.238336849
1228 0.234636328
1223 0.279918309
1223 0.217921033
1223 0.192168289
1223 0.20018683
1227 0.212899634
1223 0.19395418
1223 0.236132902
1223 0.211940769
1223 0.242607132
1232 0.163621689
1223 0.170863838
1223 0.214841642
1228 0.192402453
1227 0.262823179
1223 0.265537331
1223 0.289393443
1223 0.257787369
1228 0.257192482
1223 0.213954356
1237 0.192725724
1234 0.240385067
1223 0.182972088
1223 0.197351706
1223 0.199616587
1223 0.181127914
1223 0.180116298
1227 0.148835315
1237 0.209991136
1238 0.224267095
1227 0.198053189
1223 0.226428155
1227 0.194239635
1223 0.286107765
1242 0.177660852
1223 0.197036708
1223 0.256225413
1223 0.176479785
1223 0.329346157
1223 0.250871479
1242 0.186075606
1223 0.214393933
1223 0.217091062
1223 0.329627987
1223 0.184821992
1227 0.189502344
1223 0.167262948
1223 0.217603821
1223 0.19864842
1223 0.175039706
1223 0.165720355
1223 0.188525025
1223 0.230943585
1227 0.18071928
1234 0.176954734
1237 0.198994162
1223 0.221345455
1223 0.172672776
1227 0.239720239
1223 0.176545837
1223 0.202534729
1223 0.219399268
1223 0.21636354
1223 0.190186701
1237 0.184535709
1228 0.211374986
1223 0.262229926
1223 0.242438136
1223 0.196419283
1223 0.201727002
1223 0.187161239
1227 0.190318698
1223 0.168356436
1223 0.281063246
1223 0.203627178
1223 0.228877551
1223 0.281171812
1223 0.28217268
1238 0.202146691
1227 0.21662873
1223 0.238264337
1223 0.188874099
1223 0.268291126
1227 0.201301081
1223 0.252677004
1223 0.243345872
1223 0.231324114
1223 0.186182372
1223 0.206856792
1223 0.238624259
1223 0.213171807
1223 0.263503574
1223 0.238182082
1223 0.232881803
1227 0.220734145
1223 0.229011349
1223 0.209492954
1223 0.20436504
1223 0.202779365
1223 0.215617321
1227 0.168487573
1223 0.224773304
1228 0.209025864
1227 0.240585353
1223 0.213605553
1242 0.226753347
1223 0.21152291
1223 0.264120577
1223 0.252589989
1227 0.220355331
1227 0.22482709
1223 0.256582648
1223 0.309205266
1223 0.206066553
1223 0.22959458
1223 0.213023853
1227 0.21992714
1223 0.254767471
1223 0.246076068
1223 0.21886674
1223 0.287157469
1223 0.233742221
1228 0.286507654
1227 0.172232808
1223 0.181860416
1223 0.243263737
1223 0.221109588
1251 0.190031414
1223 0.255520263
1228 0.211021974
1228 0.254939105
1223 0.209171897
1227 0.193076871
1227 0.179195353
1223 0.220010121
1223 0.194753441
1223 0.236524479
1223 0.239476133
1227 0.224620963
1223 0.229621921
1234 0.218035382
1223 0.303053496
1227 0.223605645
1228 0.22824148
1223 0.305401452
1223 0.207428021
1228 0.214523159
1223 0.247339156
1227 0.210240957
1234 0.210906109
1234 0.251144626
1228 0.211340661
1223 0.258806474
1227 0.218341662
1227 0.229652478
1223 0.262507095
1242 0.223775578
1242 0.176498007
1223 0.2446484
1228 0.234201889
1223 0.280484863
1223 0.234652466
1223 0.281787704
1223 0.188384875
1223 0.175741939
1223 0.224806003
1223 0.230216907
1223 0.203424249
1223 0.240591759
1223 0.232980243
1242 0.229489196
1223 0.232679033
1223 0.330736831
1223 0.19564361
1223 0.302084502
1227 0.241534728
1227 0.204539566
1223 0.215167951
1223 0.258869935
1223 0.186647414
1233 0.200751805
1223 0.176101626
1223 0.196205101
1223 0.234361079
1223 0.289658194
1223 0.266393398
1223 0.302460475
1223 0.233661174
1227 0.243899976
1228 0.276824418
1223 0.259363572
1223 0.260587068
1227 0.204419958
1223 0.27195159
1231 0.222537833
1227 0.23775823
1227 0.217685276
1223 0.21626263
1223 0.256616371
1237 0.224171074
1227 0.262987817
1227 0.221631722
1227 0.208235846
1242 0.245288835
1223 0.225484518
1223 0.234389099
1227 0.235291513
1223 0.278241816
1223 0.268684675
1223 0.300285204
1234 0.175934227
1223 0.190255812
1237 0.163150095
1228 0.172512876
1223 0.220731698
1223 0.244821088
1223 0.318206943
1223 0.299232314
1223 0.261075938
1227 0.251861586
1223 0.264494066
1227 0.230447561
1223 0.1728872
1223 0.187415878
1223 0.177529046
1227 0.134325899
1223 0.159774135
1223 0.175737098
1223 0.169528159
1228 0.204357478
1223 0.292468171
1223 0.228936337
1223 0.265238837
1223 0.321899709
1223 0.218640035
1227 0.296001431
1223 0.260013075
1223 0.274571415
1227 0.267601371
1227 0.259376959
1228 0.225936919
1227 0.19139872
1223 0.282254954
1223 0.291013145
1223 0.255727553
1228 0.256022077
1223 0.248504295
1227 0.275540729
1223 0.167003056
1223 0.235615776
1223 0.195004458
1223 0.24378216
1227 0.167995282
1223 0.174755804
1228 0.191494406
1223 0.184243115
1223 0.185295895
1223 0.287757444
1231 0.169525195
1223 0.169452488
1227 0.188056804
1223 0.191586263
1227 0.230950378
1223 0.282387996
1223 0.239182083
1234 0.204564575
1223 0.253717789
1223 0.211989498
1242 0.207916432
1242 0.209535272
1223 0.252335233
1223 0.246378178
1223 0.20591364
1223 0.16238122
1227 0.181970093
1223 0.169822031
1227 0.20955308
1237 0.170533981
1223 0.270041461
1223 0.21847132
1242 0.23068618
1223 0.165956807
1237 0.175317482
1227 0.159494093
1223 0.192943759
1223 0.170778727
1223 0.305408011
1223 0.251657113
1233 0.23337875
1223 0.219878146
1223 0.293907438
1242 0.210623464
1223 0.259394723
1223 0.259708553
1223 0.224080933
1223 0.252779921
1234 0.24289784
1227 0.241650979
1223 0.283378621
1242 0.167975889
1223 0.171077849
1227 0.232853624
1228 0.197585356
1223 0.261055145
1223 0.251436967
1227 0.283945692
1223 0.258765709
1223 0.200645728
1229 0.250535527
1223 0.188751343
1228 0.206401216
1223 0.206188437
1223 0.178559033
1227 0.226635128
1223 0.212311239
1223 0.271232356
1242 0.204475396
1223 0.27221104
1227 0.219650944
1223 0.257213443
1223 0.21544865
1227 0.213032933
1223 0.205847935
1223 0.213339647
1227 0.240462791
1223 0.208798431
1223 0.236423842
1223 0.210450437
1223 0.188529998
1223 0.200661461
1223 0.195560848
1227 0.220663809
1227 0.195009887
1223 0.261028668
1223 0.233365481
1242 0.188515404
1234 0.228516755
1223 0.204673736
1227 0.169542841
1223 0.226749036
1228 0.226229766
1223 0.204676869
1223 0.189056614
1223 0.162702123
1223 0.180047261
1223 0.212965247
1223 0.347524046
1223 0.193952708
1223 0.266499648
1223 0.247108017
1228 0.301563447
1223 0.200986048
1227 0.231260641
1223 0.252177443
1227 0.167304775
1233 0.218604929
1227 0.210971133
1228 0.161461008
1223 0.204688474
1223 0.20500421
1223 0.19961875
1223 0.224240252
1223 0.261853192
1227 0.205492641
1223 0.161137891
1223 0.254335769
1242 0.148634241
1242 0.155464017
1223 0.186756577
1223 0.250751231
1223 0.25993176
1223 0.256841377
1223 0.223741832
1223 0.157648054
1233 0.171261402
1223 0.168464298
1223 0.185480839
1227 0.174309828
1228 0.196326274
1227 0.186430767
1223 0.196368283
1223 0.178181825
1223 0.201023088
1227 0.149056296
1223 0.200328609
1223 0.224719112
1238 0.215348395
1228 0.185425846
1223 0.200687245
1223 0.205865275
1227 0.202242927
1223 0.200841141
1223 0.138506761
1223 0.211406662
1223 0.233605413
1223 0.188095371
1223 0.171485386
1237 0.157741131
1227 0.204180164
1223 0.186640088
1223 0.186673413
1227 0.206427498
1223 0.20719493
1223 0.194988241
1223 0.16936939
1227 0.165507299
1223 0.211280527
1223 0.257063301
1242 0.199839824
1227 0.223233747
1223 0.254967974
1223 0.27896827
1223 0.202382807
1234 0.167337972
1223 0.18074188
1223 0.211036692
1223 0.172391942
1234 0.165247814
1227 0.169776249
1223 0.210028206
1227 0.176768153
1223 0.218473024
1242 0.217874274
1223 0.257848795
1223 0.2477101
1234 0.288197058
1223 0.227001988
1223 0.244640832
1223 0.200601199
1242 0.19375993
1223 0.258510473
1223 0.268165066
1223 0.221929637
1227 0.206586912
1223 0.225278649
1223 0.224608355
1223 0.225491425
1223 0.351047034
1234 0.173768639
1223 0.213009221
1223 0.219572258
1223 0.196760966
1223 0.295292055
1234 0.187449548
1223 0.231710622
1223 0.241723608
1223 0.218929404
1223 0.264061465
1223 0.263434671
1227 0.249785987
1227 0.241966832
1223 0.261801826
1242 0.245690427
1223 0.246672462
1227 0.245896581
1223 0.224803274
1223 0.267501951
1223 0.214901467
1227 0.242440987
1223 0.268897179
1227 0.192664295
1223 0.168330328
1223 0.166968078
1223 0.174116324
1223 0.177031146
1234 0.168034355
1223 0.147296794
1223 0.196461563
1223 0.201040708
1223 0.153192421
1223 0.21403481
1223 0.192044876
1223 0.188462545
1227 0.182340651
1223 0.216965501
1242 0.176007457
1223 0.346351494
1223 0.249501687
1227 0.269835963
1227 0.193126078
1223 0.234669532
1223 0.245558763
1223 0.181779232
1223 0.192436917
1223 0.21063173
1223 0.198260369
1223 0.222982617
1223 0.233932384
1227 0.15969854
1227 0.24496149
1223 0.232051804
1227 0.226169624
1227 0.204342583
1223 0.187903863
1223 0.215959868
1223 0.183673887
1228 0.206063802
1227 0.194650453
1223 0.278361055
1227 0.186673155
1242 0.201430688
1227 0.173116882
1223 0.204931691
1223 0.25970852
1223 0.214951927
1227 0.26219268
1227 0.26404109
1223 0.297966868
1242 0.149501366
1223 0.193824469
1223 0.19758666
1223 0.181937899
1237 0.221941062
1223 0.247165611
1223 0.23641726
1223 0.204638808
1223 0.217139461
1223 0.19901594
1227 0.166004485
1223 0.175080518
1223 0.21760527
1223 0.163670655
1223 0.182664978
1223 0.201501785
1223 0.165476855
1223 0.168451438
1223 0.244301528
1227 0.237167124
1223 0.208406061
1223 0.211906663
1223 0.20835865
1223 0.255990183
1223 0.255949122
1223 0.24671627
1228 0.246551343
1223 0.2018643
1223 0.237691397
1223 0.250024863
1223 0.254442699
1227 0.231471571
1227 0.23282179
1223 0.220518761
1223 0.245088202
1223 0.271203635
1223 0.223869843
1227 0.208943278
1227 0.236920348
1227 0.225265318
1227 0.260419627
1227 0.243831398
1223 0.276539112
1223 0.23912617
1227 0.223111898
1227 0.196213888
1223 0.220523553
1223 0.23452056
1223 0.215207371
1227 0.209617838
1228 0.180516559
1223 0.177418579
1223 0.222992218
1227 0.23614351
1242 0.207296686
1227 0.307291084
1223 0.261168818
1223 0.249184285
1223 0.347358374
1223 0.251604834
1223 0.264244872
1223 0.208017942
1223 0.261476199
1223 0.214517916
1223 0.235353897
1223 0.201676027
1223 0.238603636
1223 0.255763993
1223 0.320947199
1227 0.227510061
1223 0.249669988
1227 0.230170449
1223 0.258049259
1223 0.22384584
1223 0.181925379
1227 0.136697766
1228 0.134095009
1232 0.218132629
1223 0.212263082
1223 0.276315718
1223 0.221801835
1228 0.200151286
1223 0.253234238
1223 0.244324652
1223 0.185302057
1223 0.256683252
1223 0.269756688
1227 0.236868871
1223 0.266892599
1227 0.263684727
1223 0.274935353
1223 0.241685303
1223 0.239282624
1223 0.248696241
1223 0.225087759
1227 0.224131589
1223 0.235975012
1227 0.226249651
1223 0.22009262
1223 0.197681027
1223 0.250538366
1223 0.248289631
1227 0.149555408
1223 0.238346657
1223 0.204978269
1227 0.12660808
1223 0.233678819
1223 0.22333011
1223 0.279277852
1223 0.252540705
1223 0.248900017
1227 0.200773302
1223 0.254515079
1223 0.22421048
1223 0.226043198
1229 0.193841678
1227 0.237139643
1228 0.263988887
1223 0.192907312
1223 0.18745291
1223 0.247853461
1227 0.188980816
1237 0.187312763
1223 0.293032048
1227 0.254332605
1223 0.255986021
1223 0.293423123
1223 0.244300226
1237 0.22334191
1223 0.274553579
1223 0.221353561
1223 0.207298611
1223 0.210773597
1237 0.211771793
1223 0.254587551
1223 0.295747703
1223 0.271335634
1223 0.248177254
1223 0.177012938
1227 0.227734776
1223 0.240757839
1242 0.213648927
1223 0.207925708
1223 0.275003105
1227 0.189885409
1227 0.216476896
1223 0.230988946
1227 0.194038076
1223 0.237519565
1223 0.185259159
1223 0.228720974
1223 0.26990508
1223 0.224417016
1223 0.220949713
1223 0.18809097
1228 0.178717243
1227 0.186078153
1227 0.195349888
1223 0.206241459
1223 0.186151147
1223 0.202783738
1223 0.221854375
1223 0.168131408
1223 0.158088769
1223 0.211525871
1223 0.228125717
1223 0.23251387
1227 0.200408788
1223 0.245092062
1228 0.216608883
1223 0.3067121
1223 0.266609022
1223 0.27941711
1223 0.199221108
1223 0.252592272
1223 0.245337225
1223 0.17049728
1223 0.176923199
1223 0.208134355
1223 0.2163327
1227 0.203253975
1223 0.236288552
1227 0.287293938
1223 0.217244788
1223 0.249592868
1223 0.310137119
1223 0.252970969
1233 0.212012057
1223 0.268729388
1223 0.232446877
1223 0.220125762
1223 0.220856264
1223 0.221138831
1227 0.245426768
1227 0.161360808
1242 0.123791713
1223 0.214693113
1223 0.204308825
1223 0.224438442
1242 0.212645759
1223 0.240760353
1223 0.250463819
1223 0.247247706
1227 0.189010779
1223 0.228110403
1223 0.253457052
1223 0.254757065
1223 0.212861124
1223 0.25838987
1227 0.241948234
1237 0.23548725
1223 0.279721601
1223 0.175926864
1223 0.29400005
1227 0.207340383
1227 0.198159728
1223 0.223466924
1223 0.159614869
1223 0.240679112
1223 0.212259588
1223 0.241851085
1237 0.179095483
1223 0.280523133
1223 0.220695639
1223 0.262158091
1232 0.207792721
1223 0.218787371
1223 0.18392087
1223 0.19091364
1227 0.231304401
1223 0.220146854
1234 0.240651864
1223 0.209805571
1223 0.157183383
1223 0.20921652
1223 0.197327347
1227 0.173926912
1223 0.178149143
1223 0.206110889
1223 0.227056498
1223 0.24067442
1227 0.213153481
1223 0.215023487
1223 0.227858457
1223 0.194413994
1223 0.243192379
1223 0.197324281
1223 0.218160077
1223 0.25675516
1223 0.171424107
1223 0.190860399
1223 0.274811509
1223 0.242747656
1223 0.204133698
1223 0.303115297
1223 0.231073078
1227 0.287373482
1227 0.251776384
1223 0.319487918
1227 0.179005144
1223 0.129831449
1223 0.174652124
1227 0.204820685
1223 0.223579441
1223 0.241138928
1223 0.296409568
1227 0.293189823
1223 0.219935071
1223 0.222905797
1223 0.207669177
1228 0.2192411
1223 0.215112466
1223 0.217568706
1227 0.275979528
1223 0.248069761
1223 0.222606727
1234 0.24322426
1227 0.178622098
1223 0.239169685
1223 0.212711535
1242 0.153575514
1242 0.179020615
1223 0.214396409
1223 0.204436291
1223 0.232298783
1227 0.16841168
1223 0.19084477
1223 0.187492219
1227 0.203389918
1227 0.20258333
1223 0.203121499
1223 0.275131676
1223 0.267471836
1223 0.216175566
1223 0.237238347
1223 0.275009028
1223 0.183167461
1223 0.179058015
1223 0.191129409
1234 0.228074372
1223 0.266700352
1223 0.169482703
1223 0.248290335
1223 0.214372052
1242 0.232402657
1223 0.307298761
1223 0.321090394
1223 0.236529934
1223 0.261194259
1227 0.227718427
1223 0.191773103
1223 0.23694019
1223 0.265935754
1242 0.19929984
1223 0.304084367
1223 0.245283797
1223 0.194651918
1223 0.244224939
1227 0.237510502
1223 0.313935785
1237 0.210468704
1227 0.243661782
1227 0.250836883
1223 0.248548768
1223 0.309461266
1223 0.152812367
1223 0.218189869
1223 0.204351788
1223 0.217952926
1227 0.161927233
1223 0.251681408
1223 0.302714336
1223 0.24265628
1234 0.231374055
1223 0.214641969
1223 0.196239978
1223 0.167911564
1228 0.226354725
1223 0.216377975
1228 0.262875978
1223 0.22165134
1223 0.224210925
1227 0.183187647
1223 0.236993509
1223 0.214960265
1223 0.225189983
1223 0.253776218
1223 0.200565434
1223 0.18510585
1228 0.188052355
1223 0.202082892
1223 0.241386711
1223 0.272494235
1223 0.23620464
1223 0.344180633
1223 0.245701976
1223 0.276602297
1223 0.238011436
1227 0.195860808
1223 0.177479825
1227 0.200751596
1223 0.158840987
1223 0.259814577
1227 0.170375933
1227 0.172211337
1223 0.17273014
1223 0.215523874
1234 0.183408402
1223 0.187053691
1223 0.22207746
1223 0.223054034
1223 0.208915969
1228 0.2031924
1227 0.181807859
1223 0.176463132
1227 0.152484341
1223 0.212072528
1223 0.261840503
1227 0.205555222
1223 0.184054435
1223 0.238697002
1223 0.213610121
1223 0.223335622
1227 0.25129833
1223 0.237379058
1223 0.271495405
1227 0.249537279
1223 0.205676933
1223 0.254294455
1223 0.272736539
1227 0.210732688
1227 0.179837384
1223 0.168066988
1227 0.169128912
1227 0.204046229
1223 0.206851612
1227 0.204310612
1223 0.281233698
1223 0.222932651
1223 0.19072853
1228 0.22713681
1227 0.229336181
1223 0.253280586
1242 0.205815128
1227 0.214991494
1228 0.206667693
1223 0.251122688
1227 0.262264853
1227 0.216663364
1223 0.258210594
1223 0.289768073
1227 0.176547831
1233 0.166339354
1223 0.250101633
1223 0.229039595
1227 0.238116302
1223 0.245103755
1223 0.325126895
1223 0.226148721
1223 0.264748954
1242 0.21539801
1227 0.282026249
1223 0.208731539
1223 0.170543457
1223 0.198805735
1223 0.173749795
1223 0.18573633
1228 0.195898058
1223 0.187199128
1223 0.192988051
1223 0.161684578
1223 0.204379303
1223 0.15973355
1223 0.206459695
1227 0.243828651
1223 0.242515891
1223 0.261140444
1223 0.262473952
1235 0.208556316
1223 0.235217631
1223 0.246686631
1234 0.235535067
1223 0.298214059
1223 0.239334512
1223 0.212436187
1223 0.299819501
1227 0.231805301
1223 0.241675981
1223 0.292093899
1223 0.208981075
1242 0.168532995
1223 0.168436119
1223 0.18885365
1223 0.238352565
1227 0.178008956
1223 0.214655201
1223 0.227033917
1227 0.212500834
1223 0.228332499
1227 0.159414165
1223 0.232369576
1223 0.195593668
1234 0.160166262
1223 0.20473696
1234 0.225395813
1223 0.246602252
1227 0.227955569
1223 0.182122981
1223 0.248247858
1223 0.222878196
1223 0.279045175
1223 0.234357147
1223 0.184821053
1223 0.204404781
1223 0.17822824
1223 0.25943456
1227 0.165283689
1223 0.231973713
1242 0.222142164
1223 0.259723806
1223 0.252698986
1223 0.222471587
1223 0.218618865
1234 0.230427432
1227 0.195884176
1242 0.193507412
1223 0.181926457
1223 0.236360808
1223 0.202123947
1223 0.200032296
1223 0.221974773
1223 0.275064568
1223 0.192322366
1223 0.212269102
1223 0.188147844
1223 0.234160429
1223 0.297106415
1223 0.219335664
1227 0.184936879
1223 0.258799701
1223 0.192661504
1223 0.255922504
1223 0.260492241
1227 0.286814273
1223 0.258587143
1242 0.211107411
1228 0.196525105
1242 0.184385401
1223 0.262256588
1227 0.265938945
1227 0.219436999
1223 0.263125286
1223 0.186296605
1223 0.176886765
1223 0.173184115
1227 0.175508779
1227 0.199954076
1223 0.201972599
1223 0.182817475
1227 0.205981427
1223 0.18732321
1223 0.193019598
1223 0.181426904
1227 0.205274809
1237 0.178757403
1223 0.176785485
1223 0.220906387
1223 0.250537276
1251 0.223663744
1223 0.209673056
1237 0.176284554
1227 0.203714998
1242 0.197369732
1232 0.194848206
1223 0.231930458
1233 0.172533609
1223 0.207857836
1228 0.208111558
1223 0.19788424
1242 0.191360195
1227 0.243192246
1223 0.267933088
1223 0.292491586
1238 0.19993449
1228 0.235058978
1223 0.262350222
1223 0.232766598
1223 0.184002151
1223 0.206718296
1223 0.276481828
1223 0.269522704
1227 0.237749274
1223 0.2170042
1223 0.239998193
1227 0.232562419
1223 0.251762232
1223 0.186348544
1223 0.187460035
1227 0.174105214
1228 0.153492569
1227 0.178135375
1223 0.161784667
1227 0.21075223
1242 0.185099552
1223 0.228079344
1223 0.249606999
1223 0.254727685
1223 0.219578387
1223 0.233374962
1223 0.247361239
1223 0.20683473
1242 0.197360728
1223 0.23795015
1223 0.301408727
1223 0.23421708
1223 0.225158856
1223 0.208140245
1223 0.211206966
1223 0.205527003
1223 0.236902468
1223 0.244133589
1223 0.250409476
1223 0.215751305
1227 0.22285603
1223 0.210460261
1223 0.210870611
1223 0.267862788
1223 0.2379628
1223 0.263477293
1223 0.181230182
1223 0.186423022
1223 0.196976532
1228 0.179287162
1223 0.24602741
1223 0.24848167
1223 0.271916243
1227 0.29858943
1223 0.231193483
1223 0.212622583
1234 0.263646437
1223 0.256358671
1223 0.308986109
1223 0.235054527
1223 0.265089543
1223 0.255900308
1223 0.217251956
1228 0.187449864
1227 0.222443962
1223 0.288329182
1223 0.328049093
1223 0.176711787
1237 0.198121581
1227 0.162422782
1223 0.185052772
1223 0.172081972
1223 0.231281622
1223 0.22807689
1223 0.267410589
1223 0.224478171
1223 0.308133488
1223 0.167024727
1228 0.151744853
1223 0.236360903
1227 0.167336216
1223 0.228953575
1242 0.189284955
1227 0.249746042
1223 0.261613051
1223 0.205070492
1227 0.20826536
1223 0.26901029
1223 0.23639875
1223 0.274028983
1223 0.231585634
1223 0.225114785
1223 0.298114766
1234 0.229145636
1223 0.245987346
1223 0.240562299
1227 0.244024876
1223 0.253457495
1227 0.277420615
1227 0.169144661
1223 0.215373976
1223 0.27544623
1223 0.286624434
1223 0.24444759
1223 0.254649339
1223 0.227359912
1223 0.2782016
1242 0.189322799
1227 0.176528677
1223 0.204117196
1223 0.307328524
1223 0.233048677
1223 0.211231551
1223 0.239102505
1223 0.230998167
1223 0.273706507
1223 0.306071222
1227 0.199443902
1223 0.165579036
1227 0.21413606
1223 0.257515494
1237 0.205566442
1234 0.185571482
1223 0.221146847
1227 0.183270719
1223 0.238599544
1223 0.213866848
1223 0.209831865
1242 0.15150224
1223 0.173899938
1223 0.174272603
1223 0.198206341
1223 0.240909023
1223 0.238778599
1227 0.250201109
1223 0.261271025
1223 0.262556871
1242 0.225168591
1234 0.233409109
1223 0.220127278
1223 0.23190208
1227 0.198003562
1228 0.245983823
1223 0.270121925
1228 0.235250592
1234 0.270191631
1223 0.223195175
1223 0.225849156
1227 0.226949252
1223 0.249989334
1223 0.228915431
1227 0.255379113
1223 0.165544893
1223 0.205636705
1228 0.259210327
1223 0.24559757
1242 0.218030291
1223 0.224429902
1223 0.19300093
1228 0.17989996
1223 0.177224275
1223 0.187613763
1223 0.204534699
1223 0.182621992
1223 0.173706659
1223 0.194348237
1223 0.184423795
1223 0.180539298
1223 0.245406919
1227 0.184128657
1223 0.212316567
1227 0.169752232
1234 0.165482718
1223 0.227468031
1223 0.167447383
1223 0.174607528
1242 0.173924569
1242 0.180928042
1228 0.162493766
1227 0.182028883
1223 0.201656472
1242 0.168251501
1223 0.216660141
1223 0.22940045
1223 0.255699682
1223 0.205955425
1223 0.231365605
1223 0.282636626
1223 0.248476737
1227 0.258617634
1227 0.237213943
1223 0.262709469
1223 0.204730217
1237 0.189438009
1228 0.216952764
1223 0.194760123
1223 0.223099386
1223 0.242680057
1223 0.188121134
1223 0.194404921
1223 0.23293373
1234 0.154705126
1223 0.257050356
1223 0.256055362
1223 0.245467167
1223 0.256243863
1223 0.234602807
1223 0.221113347
1223 0.245682859
1223 0.244189813
1223 0.217199437
1223 0.282384583
1234 0.213193395
1242 0.213449958
1227 0.203965444
1227 0.254569157
1223 0.258696193
1223 0.201051691
1223 0.2663474
1223 0.241758724
1223 0.222061237
1223 0.23138723
1223 0.24460708
1223 0.217307196
1223 0.231099022
1223 0.247327688
1223 0.264087636
1223 0.293105669
1223 0.168247882
1223 0.173512322
1223 0.173080178
1227 0.15499711
1223 0.209107059
1227 0.179557321
1242 0.186165191
1223 0.202122728
1223 0.184098447
1223 0.186019287
1223 0.240090424
1237 0.174387032
1223 0.190434075
1237 0.155593189
1223 0.231398567
1223 0.166216348
1223 0.175214042
1223 0.216170782
1223 0.20823095
1223 0.246611389
1223 0.230915146
1223 0.25520472
1223 0.319472932
1223 0.229178893
1223 0.247196534
1223 0.19596183
1239 0.194943595
1227 0.258497582
1223 0.247318893
1227 0.259550354
1223 0.197067129
1234 0.199154439
1242 0.223690201
1223 0.195382169
1227 0.20118572
1227 0.194926342
1242 0.163748173
1227 0.186706444
1240 0.189688797
1223 0.198689989
1223 0.202353064
1223 0.24873692
1227 0.230945177
1223 0.277332839
1223 0.237789712
1223 0.281574347
1223 0.201974707
1223 0.222228107
1223 0.177930235
1223 0.24918526
1223 0.229409339
1223 0.213007215
1229 0.25876595
1223 0.234450451
1223 0.247490263
1223 0.235425942
1227 0.25358929
1227 0.259577165
1223 0.24202396
1223 0.251726294
1257 0.141537907
1223 0.213133808
1223 0.17726295
1234 0.257408725
1223 0.181466433
1223 0.171936612
1223 0.190756603
1223 0.192577781
1223 0.176384157
1237 0.176268873
1223 0.18814248
1242 0.171207476
1227 0.238389885
1223 0.178410828
1227 0.182392018
1227 0.183039632
1223 0.16422439
1223 0.196480882
1234 0.160041567
1223 0.181902822
1223 0.209226107
1227 0.222838367
1242 0.24656277
1223 0.283459879
1223 0.244833993
1227 0.249416347
1223 0.183374714
1223 0.145093654
1223 0.210133899
1223 0.185642442
1223 0.187732338
1227 0.189007348
1227 0.169477083
1223 0.164143891
1223 0.271411428
1223 0.17579847
1223 0.178246125
1223 0.188739428
1233 0.205673319
1227 0.238551895
1223 0.212384916
1223 0.199678673
1223 0.227618739
1223 0.231847964
1227 0.224179851
1223 0.201980561
1223 0.150688603
1223 0.269510639
1223 0.246272052
1237 0.151458706
1228 0.221449227
1223 0.26877428
1223 0.241590852
1223 0.23007979
1223 0.304760538
1237 0.201903465
1227 0.279564588
1223 0.196289963
1227 0.209046509
1223 0.220815792
1227 0.187378974
1242 0.214837155
1228 0.228741032
1227 0.27213744
1223 0.243837813
1227 0.213756359
1223 0.274019872
1223 0.227975824
1223 0.232849152
1223 0.285556813
1223 0.268556572
1242 0.214813961
1223 0.221665321
1242 0.222905971
1223 0.251030169
1223 0.267672162
1223 0.207667691
1223 0.260247344
1223 0.249619761
1242 0.206073163
1227 0.224011219
1223 0.161314569
1227 0.169962139
1223 0.200067589
1223 0.173990975
1223 0.239498608
1223 0.191078096
1233 0.19892509
1223 0.215600179
1227 0.193688755
1223 0.217602399
1223 0.26611146
1223 0.229492398
1223 0.281211322
1223 0.203371576
1223 0.233813373
1223 0.192688578
1223 0.230968287
1223 0.24884731
1223 0.256735879
1227 0.240572841
1223 0.235957103
1223 0.218802309
1238 0.232054992
1227 0.23721184
1227 0.221560712
1223 0.285755191
1223 0.175970411
1223 0.245616929
1223 0.251793883
1223 0.227557265
1223 0.206549445
1223 0.29825055
1227 0.237575831
1223 0.251528092
1223 0.268954231
1234 0.205634793
1232 0.189089452
1223 0.223599501
1223 0.261326392
1223 0.183001636
1223 0.234928574
1223 0.187096339
1223 0.182940943
1227 0.288720593
1227 0.211068311
1227 0.218261081
1223 0.197426167
1227 0.222057055
1223 0.278618448
1223 0.257155632
1223 0.206363305
1223 0.183119302
1223 0.213444663
1242 0.19848227
1223 0.217091063
1229 0.282604858
1228 0.169803307
1242 0.157134319
1223 0.20467101
1227 0.179874014
1242 0.198552727
1223 0.268916219
1228 0.205019038
1223 0.199177135
1227 0.166090677
1223 0.154440699
1237 0.19168863
1242 0.227250612
1223 0.240426132
1233 0.190639381
1223 0.311199871
1223 0.213977049
1227 0.218254659
1242 0.15424172
1223 0.25570551
1223 0.236744684
1228 0.198949944
1223 0.204502662
1223 0.203020801
1223 0.198173824
1223 0.194626043
1227 0.231771376
1242 0.164193983
1223 0.190112963
1228 0.202840158
1234 0.163829639
1223 0.22159239
1223 0.218698358
1223 0.190744881
1223 0.197102041
1223 0.200406023
1223 0.171805739
1223 0.12350443
1223 0.148350075
1223 0.168417916
1227 0.181452687
1242 0.169869229
1223 0.166909848
1223 0.190962378
1238 0.177935235
1234 0.160160255
1223 0.153729504
1223 0.153721868
1227 0.163622299
1223 0.192670519
1223 0.189419855
1223 0.199245938
1223 0.169912545
1223 0.178819389
1223 0.187873325
1223 0.276355219
1223 0.22421171
1223 0.208907359
1227 0.204669203
1223 0.228688374
1228 0.196022109
1239 0.225700739
1223 0.317459094
1227 0.223708958
1255 0.203143829
1223 0.207755261
1223 0.183776076
1223 0.3032568
1223 0.277657004
1223 0.253919376
1227 0.254427338
1223 0.282717719
1227 0.214885233
1223 0.205626623
1234 0.173923754
1223 0.193834861
1223 0.169311143
1228 0.234878663
1223 0.252251961
1223 0.247949634
1227 0.230756381
1223 0.211402218
1223 0.248831494
1223 0.21358148
1227 0.187435572
1223 0.181500147
1223 0.184418276
1223 0.184261004
1223 0.192103828
1223 0.170145129
1223 0.293719069
1223 0.257287292
1223 0.256806495
1227 0.237802906
1223 0.199766943
1223 0.195683584
1223 0.169258615
1223 0.213975815
1223 0.273376143
1223 0.28320012
1223 0.180949074
1223 0.184352794
1234 0.19615913
1223 0.174205455
1231 0.157805877
1223 0.203460403
1223 0.170281727
1223 0.198972226
1223 0.17451005
1233 0.176981476
1223 0.169636082
1227 0.183972197
1223 0.176809347
1234 0.168809126
1223 0.192104397
1227 0.235991232
1227 0.172433316
1223 0.208141669
1223 0.269883375
1227 0.216871326
1227 0.22997203
1223 0.187947946
1223 0.18358521
1223 0.205623984
1223 0.189206998
1223 0.168768763
1223 0.235672563
1223 0.239639424
1223 0.236195155
1223 0.209632214
1223 0.236759733
1227 0.190133485
1228 0.214639345
1223 0.193471579
1223 0.198578373
1227 0.201614919
1223 0.198739627
1228 0.214444949
1223 0.170194051
1223 0.191294212
1233 0.190372844
1223 0.191996889
1223 0.149175663
1223 0.194195775
1234 0.220933131
1223 0.187014993
1223 0.182801415
1223 0.182398518
1228 0.193540817
1223 0.178868231
1223 0.211900102
1227 0.169249229
1223 0.232117897
1223 0.184868348
1223 0.181452641
1223 0.201341527
1223 0.21247695
1223 0.212493636
1223 0.182433048
1223 0.211507211
1228 0.199687509
1223 0.247928545
1223 0.209546951
1242 0.205455132
1237 0.153390487
1223 0.170849631
1227 0.186841868
1223 0.189806613
1223 0.210819222
1223 0.20566081
1228 0.218996468
1227 0.1783488
1223 0.200066386
1223 0.250986376
1223 0.247309873
1223 0.26929022
1223 0.174347545
1223 0.188398624
1223 0.183882532
1223 0.184613276
1223 0.160263988
1223 0.155753644
1223 0.208745117
1223 0.157598752
1223 0.180236405
1223 0.219308059
1227 0.137905723
1223 0.165976331
1227 0.206864893
1223 0.190884856
1223 0.203210039
1223 0.219292648
1223 0.201301031
1223 0.219540978
1223 0.238855592
1223 0.276885287
1223 0.241841141
1223 0.222299608
1227 0.194634461
1234 0.190957841
1227 0.245588699
1227 0.192336145
1223 0.249788513
1223 0.271743834
1223 0.295260071
1223 0.246220047
1227 0.215197522
1227 0.267092165
1223 0.192980182
1223 0.195950176
1228 0.194992623
1223 0.196671773
1227 0.202227348
1223 0.284419287
1223 0.266290917
1223 0.194667535
1223 0.223111945
1223 0.217848013
1223 0.248874716
1228 0.184924526
1223 0.217824337
1223 0.217598758
1223 0.232004014
1223 0.194610827
1223 0.201977621
1223 0.186584762
1223 0.191772271
1227 0.186761654
1234 0.200048376
1227 0.295987956
1223 0.256347516
1223 0.276810689
1227 0.209347038
1223 0.245175632
1228 0.300164604
1223 0.188914687
1223 0.258362905
1223 0.184082735
1223 0.209194196
1227 0.171329678
1242 0.15227063
1223 0.218438307
1228 0.19630138
1223 0.216885393
1223 0.192473109
1223 0.207606144
1223 0.243023308
1223 0.18254594
1223 0.180383549
1223 0.252116309
1223 0.249893296
1227 0.187579863
1223 0.199138608
1223 0.228860227
1223 0.240854011
1223 0.276129581
1223 0.246307667
1223 0.288087168
1223 0.226429934
1228 0.24050727
1227 0.225929061
1223 0.228258063
1223 0.246446736
1227 0.205059325
1223 0.236840732
1223 0.194435229
1228 0.199225732
1223 0.19746081
1223 0.253575785
1223 0.249428329
1223 0.228085843
1223 0.190627985
1223 0.167479674
1223 0.258488501
1223 0.225102909
1223 0.281244181
1234 0.248472071
1223 0.22880759
1227 0.182003295
1223 0.216161233
1223 0.275059712
1227 0.18477109
1227 0.184160918
1223 0.2426185
1223 0.231028913
1242 0.199777116
1227 0.179939997
1223 0.179681904
1227 0.208434166
1223 0.183388115
1223 0.179458838
1223 0.212695629
1223 0.165818856
1223 0.163707487
1223 0.220487312
1223 0.227768185
1223 0.191166572
1223 0.235100108
1223 0.193657265
1223 0.205619721
1223 0.206827353
1223 0.178253318
1223 0.279268162
1228 0.220601985
1242 0.208705438
1223 0.30147179
1223 0.254058599
1223 0.204806916
1223 0.263442265
1223 0.236314142
1227 0.201580037
1223 0.203150349
1223 0.229211826
1223 0.233721099
1223 0.260319143
1227 0.156184979
1234 0.14701423
1223 0.163003088
1223 0.173883909
1223 0.196741443
1227 0.174626641
1223 0.172502395
1223 0.189314463
1227 0.152130536
1223 0.174383557
1223 0.170847902
1223 0.218367905
1228 0.221116926
1223 0.198387843
1223 0.283169069
1223 0.260311067
1223 0.207038136
1227 0.238339771
1223 0.26262315
1223 0.254101045
1223 0.253649197
1232 0.204386376
1223 0.288785297
1223 0.270428828
1227 0.205360207
1227 0.248359038
1223 0.267572777
1223 0.286494107
1227 0.216918586
1223 0.251636838
1223 0.333520078
1227 0.207862358
1223 0.220459105
1223 0.206510006
1228 0.205931721
1242 0.220099487
1227 0.209399801
1223 0.219971004
1223 0.229549812
1223 0.210904778
1227 0.20239092
1232 0.198697631
1223 0.188842438
1223 0.199383168
1223 0.19310161
1223 0.179431777
1228 0.199820085
1223 0.191046746
1242 0.144215647
1227 0.173782113
1223 0.1979283
1223 0.295663331
1227 0.150809575
1223 0.146222726
1223 0.252693345
1223 0.253876449
1223 0.235587546
1223 0.267586642
1223 0.20061045
1223 0.161613956
1223 0.18705333
1227 0.200491327
1223 0.233212059
1223 0.211525193
1223 0.24644795
1223 0.249827797
1223 0.251193728
1223 0.239519558
1228 0.264423328
1227 0.247696713
1223 0.268048313
1223 0.275380741
1223 0.273784923
1223 0.295578882
1227 0.1916382
1223 0.195682357
1223 0.197220836
1223 0.239175825
1227 0.19515798
1223 0.169745878
1223 0.216095788
1227 0.202333433
1223 0.165507562
1223 0.182076281
1223 0.22839819
1228 0.149870682
1234 0.18595208
1231 0.211925992
1223 0.256678052
1223 0.245796793
1223 0.218608734
1223 0.217634925
1223 0.226358345
1223 0.268770869
1242 0.178789417
1223 0.217695007
1223 0.219877042
1223 0.219008337
1227 0.207607051
1223 0.234078097
1223 0.203166519
1223 0.257529997
1223 0.225715276
1223 0.208962163
1228 0.229771875
1227 0.201765199
1223 0.214432453
1223 0.225565977
1223 0.20719264
1223 0.205317971
1223 0.232236994
1227 0.155830601
1223 0.186300598
1223 0.193725783
1223 0.213175389
1223 0.197664885
1223 0.232746054
1223 0.238925451
1223 0.236267047
1228 0.25767507
1223 0.214815986
1223 0.210045951
1223 0.234506983
1223 0.269192062
1228 0.231409875
1223 0.223067673
1223 0.203076056
1223 0.227747613
1223 0.252899005
1227 0.200714952
1223 0.219298385
1223 0.213523072
1223 0.155448263
1223 0.178732681
1223 0.228321981
1223 0.19018199
1223 0.210994013
1223 0.297465505
1223 0.232509037
1223 0.282703307
1232 0.218546697
1223 0.226039438
1223 0.228940878
1223 0.285786683
1227 0.225556885
1252 0.221618704
1223 0.285815326
1223 0.208682359
1223 0.22292261
1228 0.241327217
1223 0.224613387
1223 0.307762408
1227 0.256323127
1227 0.264836684
1227 0.233517952
1223 0.255302782
1223 0.211525763
1223 0.169150929
1223 0.217403344
1242 0.194268514
1223 0.275325885
1223 0.19265235
1223 0.224972251
1237 0.237993872
1223 0.164803437
1223 0.179680769
1234 0.193256591
1223 0.183879616
1223 0.166970796
1223 0.17767388
1223 0.248191802
1223 0.19174065
1223 0.206360876
1223 0.183703908
1223 0.234036684
1242 0.191052494
1223 0.167396225
1223 0.277235805
1227 0.157071539
1223 0.216058481
1223 0.242523413
1223 0.286732432
1223 0.206856027
1223 0.194754777
1227 0.169962855
1223 0.256299241
1223 0.223105511
1223 0.181137441
1223 0.227957232
1223 0.245270872
1223 0.22764718
1227 0.261419878
1223 0.290311908
1223 0.273779259
1227 0.254730804
1223 0.25488424
1237 0.187438842
1223 0.229780727
1223 0.262804029
1227 0.204815095
1223 0.242956081
1231 0.206096632
1223 0.195271191
1227 0.221126654
1223 0.22468801
1223 0.282196643
1227 0.252934279
1223 0.189887594
1227 0.191608275
1223 0.2222225
1227 0.18547788
1223 0.203680278
1223 0.224272954
1237 0.171726658
1223 0.180349382
1227 0.16377886
1227 0.236686054
1227 0.249665148
1223 0.237524834
1223 0.224614402
1223 0.196948339
1227 0.247629269
1223 0.213149233
1223 0.217599989
1223 0.287125608
1223 0.191965176
1223 0.191205305
1227 0.156471162
1223 0.206803148
1242 0.225217662
1223 0.231498198
1223 0.226871724
1223 0.179439872
1223 0.185407141
1223 0.170787943
1223 0.180147093
1223 0.206937722
1223 0.198784217
1227 0.211086613
1223 0.268678911
1228 0.209864878
1223 0.229166701
1223 0.17331214
1223 0.180478628
1223 0.187234862
1223 0.169036723
1223 0.211047471
1223 0.201119289
1237 0.14777417
1227 0.173765
1223 0.199455367
1223 0.155661188
1223 0.22019909
1228 0.172910047
1223 0.188522587
1234 0.168492169
1223 0.189400889
1223 0.190587677
1223 0.186383567
1223 0.185167045
1223 0.175510048
1223 0.189578138
1223 0.21077211
1223 0.204251211
1234 0.165699165
1223 0.234882964
1223 0.179380501
1223 0.18463837
1223 0.208612656
1223 0.203951979
1223 0.27338297
1223 0.187305348
1227 0.302618563
1227 0.259941554
1223 0.239354832
1223 0.253925026
1223 0.225040761
1223 0.228719252
1234 0.235914703
1223 0.212138135
1223 0.236423057
1223 0.247431842
1233 0.230445175
1223 0.276488865
1227 0.211225316
1223 0.216524913
1242 0.177051611
1237 0.159684676
1227 0.184787205
1223 0.196568254
1227 0.191555711
1223 0.191595984
1223 0.165616843
1223 0.264007451
1223 0.219316135
1223 0.246676604
1227 0.26929935
1223 0.178498868
1223 0.168827122
1223 0.201322183
1223 0.203553641
1228 0.276135458
1242 0.155898181
1223 0.1957707
1223 0.244594814
1223 0.254598551
1227 0.173090005
1223 0.255065523
1223 0.229240721
1227 0.223363651
1223 0.212331258
1223 0.249005988
1228 0.225552607
1223 0.253557919
1227 0.238404754
1227 0.226529334
1223 0.27079116
1233 0.264587851
1227 0.227523263
1223 0.235459264
1237 0.201298586
1223 0.202411067
1223 0.240840992
1234 0.177366276
1223 0.218973227
1223 0.218041267
1223 0.21140903
1223 0.226590888
1223 0.242234605
1223 0.228197427
1223 0.196576181
1227 0.220304504
1223 0.290297037
1223 0.196476496
1223 0.176803945
1227 0.166894333
1223 0.189032291
1234 0.166470741
1229 0.163838583
1223 0.195636908
1223 0.186293194
1223 0.176387325
1231 0.215346981
1223 0.191803251
1227 0.171997127
1223 0.230264871
1227 0.207359771
1227 0.234857078
1228 0.272843963
1242 0.213821528
1223 0.244996778
1223 0.27212356
1242 0.150393867
1223 0.230541317
1223 0.197827774
1227 0.170598744
1223 0.192349055
1227 0.137601977
1223 0.189630219
1223 0.234572846
1223 0.205297013
1227 0.166434528
1223 0.187441355
1223 0.148735262
1223 0.16378865
1223 0.191000377
1223 0.176163971
1223 0.226299395
1223 0.236129239
1227 0.245501965
1227 0.195451416
1227 0.195789171
1223 0.259772031
1223 0.223946253
1227 0.241651217
1228 0.267141698
1227 0.246921206
1223 0.170379761
1229 0.179473408
1242 0.200569318
1227 0.196427418
1223 0.220481579
1223 0.225882046
1223 0.249320526
1223 0.216422762
1223 0.226664331
1227 0.247589791
1223 0.26217422
1223 0.25557356
1223 0.184131574
1227 0.273774597
1223 0.192483191
1223 0.274894638
1237 0.180213973
1227 0.181482513
1227 0.176869011
1223 0.26018012
1227 0.232653101
1223 0.239365621
1223 0.243893993
1223 0.172747413
1223 0.192893142
1223 0.191515572
1227 0.242678114
1223 0.176545107
1223 0.196844846
1223 0.221910918
1242 0.221355882
1227 0.215468047
1223 0.248249096
1227 0.259284242
1223 0.267196482
1223 0.258886117
1223 0.22640343
1223 0.219832847
1223 0.195884773
1227 0.268021675
1223 0.277996814
1223 0.207375135
1223 0.214215959
1223 0.212145799
1223 0.222089709
1242 0.235868701
1223 0.180193258
1223 0.199794434
1223 0.16786335
1223 0.223360715
1223 0.185707448
1227 0.221033048
1223 0.208293005
1227 0.196253522
1223 0.207960601
1227 0.237663588
1227 0.209582679
1223 0.191386033
1223 0.175576009
1223 0.285409455
1223 0.164910182
1223 0.276173152
1227 0.212842645
1223 0.321501506
1223 0.234610202
1223 0.302891005
1223 0.259401516
1223 0.292683931
1223 0.190286207
1223 0.175207197
1223 0.260827159
1223 0.291178607
1227 0.23427491
1223 0.25925755
1223 0.210383372
1242 0.143487174
1223 0.135814458
1223 0.17729857
1223 0.214018354
1223 0.179281479
1223 0.17656105
1223 0.167609566
1223 0.190165889
1227 0.163026524
1223 0.231853987
1223 0.176708392
1223 0.22100182
1227 0.168535144
1223 0.167641251
1223 0.23657308
1223 0.222021707
1223 0.254968759
1223 0.22556153
1223 0.250971936
1223 0.273124253
1227 0.224501153
1223 0.250083809
1223 0.260719891
1223 0.238180353
1227 0.210455777
1223 0.271914859
1223 0.191785392
1223 0.301019504
1223 0.26011773
1223 0.199650139
1223 0.208019244
1223 0.231060361
1223 0.226493423
1223 0.234147501
1227 0.186425911
1223 0.197609307
1223 0.247759411
1223 0.24264369
1223 0.193593677
1223 0.265408403
1223 0.207476487
1237 0.216866268
1223 0.199172978
1234 0.22046688
1223 0.194784085
1223 0.265374045
1223 0.246044403
1223 0.243673408
1227 0.211648363
1223 0.231579516
1227 0.242031517
1223 0.187934351
1223 0.191667242
1223 0.21454339
1223 0.244204782
1223 0.25462414
1234 0.237965645
1223 0.247084427
1223 0.225679289
1242 0.217366869
1223 0.246827979
1223 0.251175835
1227 0.226304644
1223 0.261877019
1223 0.262312682
1223 0.174463459
1242 0.158812166
1223 0.270960927
1223 0.22101405
1223 0.242329869
1223 0.218349615
1223 0.193604921
1223 0.227529709
1223 0.197681999
1223 0.235474179
1227 0.260849785
1227 0.247071315
1223 0.281637809
1223 0.273148008
1223 0.191610809
1223 0.222766731
1227 0.199678515
1234 0.207229086
1223 0.199058153
1223 0.17110099
1223 0.187792389
1223 0.207814072
1223 0.234283617
1228 0.271032018
1223 0.212076876
1223 0.236730704
1228 0.189433373
1223 0.228672495
1227 0.241101436
1234 0.225809707
1223 0.272360562
1223 0.191092185
1234 0.193382974
1223 0.190460638
1223 0.175539543
1223 0.179325198
1223 0.222608455
1223 0.210570854
1223 0.200317906
1223 0.177410268
1223 0.193735743
1223 0.219158868
1227 0.190175549
1223 0.213842529
1233 0.168835997
1223 0.343652889
1228 0.185798765
1227 0.19896055
1227 0.181193882
1223 0.268169024
1223 0.22628887
1223 0.231862565
1227 0.210450329
1223 0.247986387
1237 0.204356753
1223 0.175535411
1223 0.23759555
1223 0.20406541
1223 0.160284624
1223 0.191908768
1223 0.200240016
1223 0.184832588
1223 0.200355658
1223 0.199436879
1223 0.254528877
1223 0.23201192
1223 0.261076887
1223 0.251517551
1223 0.258285841
1223 0.234646645
1223 0.226511665
1223 0.249478162
1227 0.264529058
1223 0.269577865
1223 0.262459752
1223 0.180033485
1227 0.177570185
1223 0.289435255
1227 0.285482984
1238 0.222442111
1223 0.329630642
1223 0.186454083
1223 0.210805546
1223 0.319161678
1223 0.20423759
1223 0.206386001
1223 0.256185152
1223 0.26187296
1228 0.231098926
1223 0.251099069
1223 0.241593482
1223 0.264954064
1223 0.231691946
1223 0.251802873
1227 0.289089521
1223 0.328973735
1227 0.261745637
1227 0.209103753
1223 0.238462034
1223 0.278609084
1223 0.213080908
1223 0.239225124
1223 0.315276227
1228 0.159893922
1237 0.162459662
1223 0.218476618
1227 0.346308298
1244 0.194961626
1223 0.249270472
1223 0.23571233
1223 0.231460204
1223 0.247800544
1223 0.267197204
1223 0.301939731
1223 0.255847994
1223 0.177414003
1229 0.211788318
1223 0.169661425
1223 0.223412883
1228 0.23303254
1223 0.265438844
1223 0.233435869
1223 0.213633865
1223 0.248334223
1223 0.173500756
1223 0.192102681
1223 0.174560618
1223 0.212374546
1223 0.317275354
1223 0.356867671
1228 0.165001118
1223 0.238765443
1237 0.175383671
1223 0.188503255
1242 0.184441368
1223 0.169356134
1223 0.161387682
1227 0.170304641
1223 0.199628478
1223 0.318019036
1223 0.262501955
1227 0.242342124
1223 0.268328155
1228 0.248505239
1223 0.241456589
1223 0.263658116
1227 0.222042267
1223 0.263449271
1223 0.247596084
1223 0.23986424
1223 0.197709458
1223 0.220266039
1223 0.268814902
1227 0.279474237
1223 0.292720328
1242 0.162664493
1227 0.170909426
1223 0.209006686
1223 0.192325443
1223 0.220875057
1238 0.188829257
1223 0.205201531
1242 0.160568351
1223 0.220467528
1223 0.208428024
1223 0.231501237
1223 0.226423633
1223 0.241099534
1223 0.233603037
1227 0.194326461
1223 0.268802126
1227 0.255968062
1223 0.253793504
1223 0.280628458
1228 0.173046569
1227 0.232823553
1228 0.254082095
1223 0.27327325
1223 0.28463721
1227 0.139563109
1223 0.265279279
1255 0.182630073
1227 0.237386798
1227 0.221784532
1223 0.249576018
1242 0.221478744
1227 0.244539963
1227 0.231036817
1223 0.230432491
1227 0.206886121
1234 0.253812791
1223 0.248315311
1234 0.205941661
1223 0.245274188
1227 0.245536577
1223 0.28671157
1223 0.321834233
1223 0.196511995
1223 0.171670864
1223 0.199924824
1227 0.16788881
1223 0.198987964
1228 0.179118364
1227 0.18005641
1223 0.200117557
1223 0.221587602
1223 0.206044318
1223 0.182726577
1223 0.177270365
1223 0.230122097
1242 0.181916431
1223 0.162226641
1227 0.207836524
1228 0.175694091
1232 0.204486429
1223 0.215868072
1223 0.231090611
1223 0.221596459
1223 0.207985206
1223 0.248384774
1223 0.226987303
1227 0.211934825
1223 0.211526744
1223 0.160329148
1223 0.145151194
1228 0.201545258
1223 0.208752649
1223 0.198953167
1223 0.188074781
1223 0.2252616
1237 0.205391418
1223 0.24014477
1223 0.235921591
1227 0.20905153
1223 0.269489953
1223 0.276510777
1223 0.241225566
1223 0.193323037
1227 0.205356072
1223 0.237236573
1223 0.290728625
1223 0.262485852
1223 0.21663707
1223 0.236704149
1223 0.197479021
1223 0.225343418
1223 0.315983391
1223 0.246464727
1242 0.172543327
1234 0.164407494
1223 0.197415147
1227 0.19199062
1223 0.190341542
1223 0.192054126
1223 0.217768145
1223 0.187692419
1223 0.174087751
1227 0.196387493
1228 0.259697994
1223 0.274843082
1223 0.262176628
1242 0.223004616
1223 0.243021467
1223 0.278143147
1227 0.198199202
1223 0.21810512
1223 0.22069692
1223 0.276985091
1223 0.316708461
1223 0.187070507
1227 0.186541558
1223 0.237294831
1227 0.226214756
1223 0.235853703
1223 0.271752827
1223 0.274456525
1223 0.245126339
1227 0.2592316
1228 0.236839625
1227 0.278492226
1223 0.186562203
1227 0.163453322
1227 0.14124278
1223 0.255710338
1223 0.192996358
1227 0.16296484
1223 0.192289719
1227 0.186593577
1223 0.196699485
1223 0.251866733
1227 0.209567797
1223 0.245019821
1233 0.182760211
1227 0.199618624
1223 0.193232219
1227 0.231090016
1223 0.214440432
1223 0.254985253
1227 0.282588548
1223 0.270785559
1223 0.258563373
1227 0.263848169
1227 0.168768085
1227 0.198389527
1223 0.350641375
1223 0.167102116
1223 0.170091769
1223 0.175696359
1223 0.22250848
1227 0.157260979
1223 0.204188754
1223 0.193973441
1242 0.19756322
1242 0.172964425
1228 0.190237779
1227 0.17767412
1223 0.231596101
1227 0.153223227
1227 0.169125939
1223 0.19656736
1223 0.179388217
1223 0.200501053
1223 0.236360564
1227 0.21824694
1223 0.222503809
1228 0.240758275
1223 0.20783379
1223 0.285149645
1242 0.198663511
1223 0.306789925
1223 0.19304905
1223 0.236840739
1223 0.260488599
1223 0.265363479
1227 0.294349821
1227 0.228915953
1227 0.227057269
1223 0.28967178
1227 0.230366317
1223 0.244957788
1223 0.246719983
1228 0.247351484
1227 0.16482098
1223 0.173361347
1227 0.203399551
1223 0.229215845
1223 0.19943068
1223 0.210147941
1227 0.238084123
1223 0.274068044
1227 0.251154208
1227 0.204102106
1223 0.169502428
1223 0.204599059
1223 0.204682963
1223 0.216727337
1227 0.165366373
1223 0.19986222
1223 0.299168405
1223 0.192434518
1237 0.183753697
1227 0.227930599
1223 0.227729763
1223 0.280729584
1228 0.154362852
1223 0.306918821
1223 0.201978549
1223 0.254737923
1223 0.229950873
1234 0.251039133
1223 0.231244633
1223 0.290679471
1227 0.183431914
1223 0.182642286
1223 0.20275333
1223 0.225100852
1223 0.168544314
1223 0.207717083
1227 0.191142881
1223 0.227831791
1223 0.183983181
1223 0.212814122
1223 0.196562681
1223 0.182196243
1227 0.192516224
1244 0.215024719
1223 0.21560592
1228 0.292077705
1227 0.233715365
1223 0.219483283
1237 0.234548927
1223 0.217649964
1223 0.20906059
1223 0.258614926
1227 0.210307839
1223 0.223788352
1227 0.201703784
1223 0.239833118
1223 0.221345627
1228 0.234895015
1223 0.261691546
1223 0.204937157
1223 0.179580526
1223 0.171711044
1223 0.237845729
1223 0.191331738
1223 0.219758136
1223 0.206101051
1227 0.197685042
1223 0.211501414
1223 0.299390715
1223 0.231706211
1223 0.272685813
1223 0.182453013
1223 0.209923672
1229 0.202172355
1223 0.210289136
1231 0.165604014
1223 0.193211393
1228 0.248514854
1223 0.251858906
1228 0.197251421
1227 0.201751134
1223 0.243895829
1223 0.262344614
1223 0.239613869
1223 0.260147458
1223 0.250409657
1234 0.238442674
1223 0.268806296
1223 0.299719008
1223 0.233546624
1223 0.255022502
1227 0.167803554
1223 0.187645874
1223 0.192889005
1227 0.205341676
1223 0.181793407
1223 0.162718451
1223 0.227165297
1242 0.193417149
1233 0.243320906
1223 0.320159557
1223 0.222596243
1223 0.250476766
1228 0.221544212
1223 0.207207368
1223 0.216966554
1237 0.162487174
1223 0.194640536
1223 0.195816834
1223 0.182471517
1223 0.199983156
1223 0.183627336
1223 0.17618546
1234 0.178036359
1223 0.21276219
1223 0.192796843
1223 0.177326447
1223 0.227351663
1223 0.240009379
1223 0.191130579
1223 0.219986184
1234 0.236734085
1227 0.235820187
1223 0.165215329
1223 0.186779529
1223 0.237636073
1223 0.181606197
1223 0.170609315
1227 0.195254247
1242 0.254307182
1223 0.200851373
1227 0.176437737
1227 0.206917267
1223 0.187338448
1223 0.185406673
1227 0.194308673
1223 0.216070604
1223 0.169976051
1223 0.284134578
1223 0.163578103
1223 0.238279366
1223 0.202257118
1233 0.233309395
1223 0.266493501
1223 0.19842537
1228 0.170099689
1223 0.200439594
1223 0.203458159
1227 0.169369654
1227 0.17088268
1223 0.193255568
1223 0.283041972
1227 0.233274344
1227 0.240700723
1237 0.167423212
1223 0.288972213
1223 0.290928161
1223 0.254889974
1223 0.247716919
1223 0.280125002
1223 0.255720099
1227 0.246144394
1223 0.246205548
1223 0.238175932
1223 0.221677014
1223 0.241438135
1223 0.243487064
1227 0.261317628
1223 0.265552446
1223 0.274812182
1223 0.217226442
1227 0.242804454
1227 0.199117692
1227 0.194793511
1223 0.210384793
1223 0.240051026
1223 0.283534144
1237 0.226242671
1227 0.171247343
1227 0.184863357
1223 0.200633774
1223 0.1794432
1223 0.189760539
1227 0.211161334
1227 0.155871316
1223 0.175424159
1234 0.196099751
1223 0.192369179
1242 0.177163395
1223 0.191896682
1227 0.174734502
1223 0.351119602
1223 0.191069685
1223 0.256956246
1223 0.194894786
1227 0.275604439
1223 0.280265467
1223 0.296262604
1227 0.215488124
1223 0.238760586
1223 0.195680056
1227 0.263422559
1223 0.240203845
1242 0.154705994
1227 0.17744477
1223 0.230893477
1223 0.198754166
1227 0.172125672
1223 0.202530747
1227 0.23610439
1237 0.218859393
1223 0.189812742
1231 0.248569523
1223 0.203591723
1223 0.181927748
1223 0.219104425
1227 0.160754334
1223 0.167446782
1234 0.15826905
1223 0.24939017
1223 0.168560973
1223 0.184916136
1227 0.198320158
1223 0.167103419
1223 0.177212493
1234 0.168095627
1223 0.230428189
1223 0.216135801
1223 0.160745297
1223 0.185041835
1223 0.273461488
1228 0.247094617
1223 0.264037376
1223 0.179962565
1223 0.220573278
1223 0.22729446
1223 0.221214115
1223 0.306969083
1223 0.241310844
1223 0.238029268
1227 0.158697954
1251 0.191855877
1223 0.221088113
1223 0.219403478
1223 0.280211403
1227 0.221177267
1227 0.201547841
1223 0.264419287
1242 0.175895999
1223 0.218401127
1227 0.202763469
1223 0.243673958
1223 0.222325481
1223 0.309555097
1223 0.255347145
1227 0.259779352
1227 0.231898222
1223 0.232388637
1232 0.165427769
1227 0.184673011
1223 0.22488306
1223 0.258423366
1227 0.201161651
1223 0.201972499
1227 0.191840116
1223 0.23939964
1223 0.242515319
1223 0.225624361
1223 0.256002482
1223 0.233484627
1223 0.22791773
1223 0.200781233
1227 0.226814198
1223 0.225822758
1234 0.213273762
1234 0.206189486
1223 0.20605271
1223 0.219109508
1234 0.23192811
1223 0.236410036
1223 0.244783246
1234 0.222327069
1223 0.250105739
1223 0.213144015
1223 0.235637923
1223 0.169705877
1227 0.194861327
1223 0.185861426
1223 0.207341897
1223 0.221740765
1223 0.190442516
1223 0.163361711
1223 0.195467811
1242 0.178533126
1227 0.166414979
1223 0.177266172
1223 0.158145044
1223 0.220114838
1223 0.176136864
1227 0.181967683
1242 0.171436103
1227 0.1517548
1237 0.249471603
1223 0.297379717
1223 0.188960858
1223 0.14948281
1223 0.209130152
1223 0.275482326
1223 0.19286458
1227 0.205830805
1223 0.235141082
1223 0.207874216
1223 0.18244615
1223 0.206819988
1228 0.195195747
1223 0.179138166
1227 0.169911116
1227 0.18377445
1227 0.225972559
1242 0.196609855
1223 0.284311247
1227 0.215527186
1223 0.270906185
1233 0.193196223
1237 0.189883807
1227 0.169262173
1223 0.206769213
1228 0.185446109
1223 0.173973278
1223 0.168280107
1223 0.19364211
1223 0.21149043
1223 0.273417567
1227 0.210626055
1223 0.282996168
1223 0.263966591
1223 0.265814545
1234 0.287256352
1223 0.202095203
1223 0.234252431
1227 0.213952477
1223 0.295427152
1223 0.232715081
1223 0.20991689
1223 0.194751026
1223 0.175104505
1228 0.158535638
1227 0.153057046
1223 0.151214354
1223 0.178272065
1223 0.231848594
1223 0.186801539
1223 0.18450031
1233 0.15452227
1223 0.18760807
1228 0.185864726
1223 0.193600594
1223 0.210011229
1223 0.20891683
1223 0.177722158
1223 0.224967162
1223 0.188833582
1227 0.197414137
1227 0.179566436
1223 0.21991321
1228 0.171385635
1223 0.208884273
1223 0.265641874
1223 0.179714533
1223 0.166314475
1227 0.165875202
1223 0.190599728
1223 0.234576874
1223 0.269925019
1228 0.202203783
1223 0.199307499
1223 0.205812206
1223 0.21094972
1223 0.228634492
1223 0.245409761
1223 0.28582984
1223 0.268125813
1223 0.276809072
1223 0.221013963
1223 0.191722522
1223 0.249135415
1242 0.19840681
1223 0.229037127
1227 0.194616697
1223 0.220391
1223 0.167029769
1234 0.173712015
1223 0.214834262
1223 0.261373243
1237 0.207363745
1223 0.244948277
1228 0.265748989
1223 0.199320631
1223 0.190564035
1227 0.15754814
1242 0.147235961
1223 0.217839935
1223 0.169136789
1223 0.193325496
1223 0.216915962
1223 0.174599444
1242 0.23636506
1223 0.245695249
1223 0.232873983
1223 0.199482782
1223 0.207795972
1227 0.234701632
1227 0.221974535
1223 0.234443154
1223 0.292814657
1223 0.304542582
1223 0.204529164
1242 0.185294849
1237 0.201350227
1227 0.205157431
1223 0.227970674
1223 0.276652715
1223 0.273675499
1223 0.2948021
1223 0.223604111
1223 0.24778188
1223 0.22936403
1223 0.207029282
1223 0.240552298
1223 0.227406728
1228 0.243710999
1234 0.249760791
1223 0.251440494
1223 0.287386062
1223 0.205917116
1223 0.227151227
1223 0.195987618
1223 0.158926448
1223 0.175205311
1223 0.191424813
1237 0.187496128
1223 0.291473424
1223 0.263191779
1223 0.27482937
1227 0.197296437
1223 0.207203465
1227 0.171253455
1242 0.15347232
1223 0.214745253
1223 0.203747523
1223 0.177445964
1223 0.184663245
1234 0.202812934
1223 0.237967833
1229 0.232096766
1223 0.277592067
1223 0.218077287
1223 0.227580577
1223 0.179108484
1223 0.22681171
1242 0.194099889
1227 0.234889818
1223 0.207844783
1223 0.230151822
1223 0.216844072
1223 0.267087427
1223 0.249186366
1223 0.168770306
1223 0.222469666
1227 0.193943913
1227 0.173618665
1223 0.218512865
1223 0.188089927
1223 0.205796396
1223 0.185428421
1228 0.199605737
1227 0.167683853
1223 0.262652176
1234 0.196202934
1223 0.157394429
1237 0.185148858
1227 0.171523755
1223 0.176322761
1234 0.186044131
1252 0.16228384
1227 0.1925311
1223 0.238632208
1223 0.194996594
1223 0.217013026
1223 0.222595925
1223 0.181085178
1223 0.201590692
1223 0.22787386
1223 0.20257333
1223 0.22806866
1223 0.2721088
1223 0.221638327
1223 0.224068362
1223 0.215136679
1233 0.216986921
1223 0.256157773
1223 0.304609646
1223 0.234069885
1223 0.224853494
1227 0.295803831
1242 0.195656596
1223 0.213909359
1223 0.250824736
1223 0.183551766
1223 0.225297931
1223 0.255693229
1223 0.242988926
1227 0.227015518
1223 0.319759365
1223 0.233528477
1223 0.255712766
1223 0.214247566
1238 0.248955401
1223 0.227343624
1223 0.289939391
1223 0.18973608
1223 0.218312199
1223 0.189642427
1223 0.210190737
1223 0.212917062
1227 0.233527879
1223 0.208300441
1227 0.203064283
1223 0.252173382
1223 0.215687539
1228 0.259074051
1223 0.233119592
1223 0.2218861
1223 0.233912726
1223 0.185221144
1227 0.172452837
1223 0.192344585
1223 0.231079311
1223 0.18896876
1223 0.204658392
1223 0.240381835
1223 0.163114354
1228 0.183565922
1227 0.170253496
1223 0.209329921
1223 0.208071385
1242 0.151725985
1223 0.202816793
1223 0.168020747
1223 0.184608801
1227 0.154048882
1223 0.205036484
1223 0.27816372
1227 0.175866473
1234 0.195005292
1223 0.247261508
1223 0.235318358
1223 0.228494858
1227 0.242438011
1233 0.220761774
1227 0.211117395
1223 0.301254376
1223 0.256726109
1223 0.3012742
1227 0.246902444
1223 0.225601198
1234 0.211989191
1227 0.249567419
1233 0.247199836
1223 0.217848607
1223 0.218209622
1223 0.19995544
1237 0.148143837
1223 0.16354299
1223 0.161771645
1223 0.166382232
1223 0.219599919
1223 0.174404418
1223 0.163999069
1227 0.220678949
1223 0.2109732
1227 0.195480298
1227 0.181060312
1223 0.193367001
1223 0.239331927
1223 0.30106772
1223 0.238292715
1227 0.213939584
1223 0.239053669
1227 0.176825104
1242 0.239628968
1223 0.238182166
1223 0.271615948
1223 0.302573399
1223 0.270029691
1227 0.207016013
1223 0.21173968
1223 0.2600808
1227 0.2104915
1242 0.21134941
1228 0.231218199
1223 0.271803333
1227 0.18143265
1223 0.230662438
1223 0.225537038
1227 0.1975928
1223 0.166517679
1223 0.177920217
1223 0.172280074
1233 0.17172006
1223 0.218506691
1223 0.261197989
1223 0.177227895
1223 0.189121809
1223 0.213156955
1223 0.185532154
1223 0.138012979
1237 0.188978417
1223 0.245196863
1223 0.176936316
1223 0.215038659
1237 0.156211282
1223 0.206528329
1223 0.181351628
1223 0.170701944
1223 0.227906907
1234 0.237973892
1227 0.244324522
1223 0.251283326
1223 0.292175466
1223 0.222251176
1227 0.172774821
1223 0.206068799
1223 0.167470718
1223 0.186076983
1223 0.208995323
1229 0.205379533
1223 0.191075337
1223 0.248544513
1223 0.233091171
1223 0.345962394
1223 0.225248739
1223 0.212060559
1223 0.266560063
1223 0.222346671
1223 0.21684194
1223 0.218896171
1223 0.209762238
1223 0.236179297
1227 0.220374709
1227 0.17401942
1223 0.208532297
1223 0.188902712
1223 0.206759336
1227 0.24992638
1228 0.229831098
1238 0.16546916
1223 0.236269131
1227 0.169816303
1223 0.194288485
1223 0.162857645
1223 0.163646762
1223 0.192605287
1228 0.17685043
1223 0.189060387
1223 0.157092241
1223 0.192184599
1227 0.182600649
1223 0.195153829
1223 0.231500709
1223 0.247519349
1223 0.187806149
1223 0.204740059
1223 0.169828059
1223 0.281395719
1229 0.163447513
1231 0.231580988
1227 0.261025038
1237 0.222356142
1223 0.273963518
1223 0.252332153
1223 0.175935329
1223 0.253011412
1223 0.264833822
1223 0.228083518
1223 0.280540454
1227 0.160598797
1227 0.207602677
1223 0.181501009
1227 0.167050446
1223 0.195044392
1223 0.20016412
1223 0.205811618
1223 0.183760758
1228 0.244837498
1223 0.22279795
1223 0.240701686
1223 0.274150715
1223 0.223807674
1223 0.234501402
1223 0.205272232
1223 0.234462428
1228 0.187933078
1227 0.203882482
1223 0.199612527
1223 0.22923881
1223 0.159577139
1223 0.190129371
1223 0.208707777
1223 0.16159965
1223 0.208388915
1223 0.166387398
1223 0.156666164
1227 0.154998809
1242 0.152298708
1223 0.208744639
1223 0.183326607
1227 0.158964689
1223 0.184654014
1242 0.192433195
1223 0.193999665
1223 0.196340411
1223 0.245274987
1227 0.24674398
1223 0.242380232
1223 0.263628721
1223 0.208521048
1223 0.202144694
1223 0.21531924
1223 0.241738122
1223 0.200861675
1223 0.227114946
1223 0.170508368
1233 0.224320614
1228 0.233999672
1223 0.209554273
1223 0.25050862
1223 0.270650461
1223 0.218292893
1223 0.250263507
1227 0.19440947
1223 0.280399407
1227 0.241231306
1227 0.219974877
1227 0.234363826
1223 0.262820525
1227 0.222998615
1223 0.269168382
1223 0.195793658
1227 0.201432261
1227 0.203505791
1223 0.219008484
1223 0.249213409
1223 0.255680265
1223 0.25568985
1223 0.225287838
1228 0.259227271
1228 0.238003958
1223 0.260716264
1228 0.230481291
1228 0.263809083
1242 0.275210837
1223 0.15181888
1227 0.16761598
1223 0.178392165
1227 0.369851418
1223 0.223078847
1223 0.207767333
1223 0.276664515
1223 0.281240122
1223 0.245611036
1234 0.241505867
1223 0.269707867
1223 0.22786736
1223 0.322931248
1223 0.226077113
1223 0.16776752
1223 0.209595763
1228 0.230665416
1227 0.252475289
1223 0.204267087
1223 0.271506752
1223 0.22875044
1223 0.223748093
1223 0.214117825
1234 0.1883932
1227 0.240557733
1223 0.234457534
1223 0.218757764
1223 0.166258164
1223 0.170072233
1223 0.187326028
1234 0.187632679
1223 0.242220481
1223 0.229306095
1223 0.264423929
1223 0.276526404
1223 0.220981687
1227 0.247717048
1228 0.249100947
1223 0.287663831
1223 0.247453162
1223 0.229341885
1223 0.290239579
1223 0.224335417
1223 0.242705675
1227 0.213411819
1237 0.268588024
1223 0.210061373
1227 0.178010958
1223 0.193267298
1223 0.212053841
1223 0.228884534
1223 0.225557994
1223 0.196448925
1223 0.229078474
1223 0.21818898
1227 0.232984885
1223 0.203234056
1223 0.246774521
1223 0.210317123
1234 0.206903449
1223 0.21196068
1223 0.201082432
1223 0.208699601
1223 0.241732708
1223 0.207249154
1227 0.215899032
1227 0.205313308
1223 0.197897325
1227 0.185108378
1228 0.175419016
1223 0.226485947
1227 0.271681279
1223 0.276342519
1223 0.269516791
1223 0.175386669
1227 0.313500111
1223 0.253959343
1223 0.202247539
1223 0.361136826
1223 0.238392823
1223 0.247985637
1223 0.302745683
1223 0.223895151
1228 0.207789643
1223 0.222289905
1227 0.252902564
1223 0.207227799
1223 0.314765278
1227 0.217134746
1223 0.278015038
1223 0.288058028
1223 0.256110905
1227 0.265144446
1223 0.232051026
1223 0.278034308
1223 0.252130601
1223 0.251452552
1223 0.171618638
1237 0.184263827
1228 0.295349453
1223 0.25720735
1223 0.163142158
1223 0.182863628
1223 0.21688019
1227 0.18544657
1223 0.220265369
1237 0.168285419
1223 0.207008119
1228 0.200321766
1223 0.216286097
1223 0.25328314
1223 0.242075956
1223 0.246737554
1223 0.2699848
1223 0.331986675
1223 0.232236419
1242 0.211068849
1227 0.226872189
1223 0.194913363
1223 0.233077027
1223 0.213813131
1234 0.23974909
1223 0.288064534
1234 0.205336807
1223 0.192685217
1242 0.165926269
1223 0.222646217
1232 0.173084516
1223 0.293095836
1223 0.205792472
1223 0.16571651
1223 0.228106474
1223 0.165439049
1223 0.187129932
1234 0.155772936
1223 0.198170209
1223 0.169183794
1228 0.194358192
1228 0.203119407
1227 0.176526178
1223 0.193440218
1223 0.155914282
1227 0.162656145
1223 0.233673584
1231 0.14114916
1223 0.230402571
1234 0.179018922
1234 0.157306208
1223 0.210197914
1227 0.227225111
1223 0.204904685
1237 0.213262456
1223 0.242192094
1228 0.200561024
1223 0.19945635
1223 0.24271303
1223 0.251017692
1223 0.235838343
1237 0.214842189
1223 0.280977517
1223 0.263848131
1223 0.213213084
1228 0.233829833
1234 0.171814964
1223 0.256599924
1223 0.232378072
1223 0.251345738
1223 0.219576022
1223 0.292114188
1223 0.321388621
1223 0.220880703
1234 0.255283243
1227 0.22229515
1223 0.287579921
1223 0.203313463
1223 0.168459938
1223 0.235407791
1223 0.212896741
1227 0.192022316
1223 0.199100928
1223 0.255509931
1223 0.195821576
1223 0.239607953
1223 0.213165302
1223 0.18237421
1223 0.202134844
1233 0.176575639
1223 0.147799752
1223 0.191849888
1228 0.173932148
1223 0.214141876
1227 0.199048167
1223 0.237471245
1223 0.167120911
1223 0.164711423
1223 0.200163669
1223 0.251580069
1223 0.324306104
1228 0.204142476
1223 0.2166156
1223 0.261815524
1223 0.245903354
1223 0.296946804
1223 0.289445308
1223 0.279656637
1234 0.23297257
1223 0.21922432
1228 0.263829023
1223 0.187143211
1223 0.197238993
1223 0.189521418
1223 0.165676751
1223 0.166142494
1233 0.218540035
1242 0.157275593
1227 0.168281044
1223 0.168564875
1223 0.16287081
1227 0.200503219
1223 0.289043045
1223 0.220148873
1227 0.180827681
1227 0.228846354
1223 0.251428296
1223 0.271123581
1223 0.22253932
1227 0.230244448
1223 0.274265392
1228 0.231837579
1223 0.252357997
1232 0.16705969
1227 0.206895133
1223 0.20398615
1223 0.23321427
1223 0.200931902
1227 0.209724464
1227 0.247499067
1234 0.211468334
1227 0.21447291
1223 0.198444844
1223 0.217214642
1223 0.241574404
1223 0.21617384
1223 0.233342181
1223 0.240424275
1223 0.210376321
1237 0.214337691
1223 0.209227463
1228 0.255650361
1227 0.207630409
1255 0.16154609
1223 0.26941624
1223 0.209805385
1223 0.28677538
1223 0.25135406
1227 0.23919667
1234 0.16959126
1223 0.176419521
1227 0.221524845
1242 0.21536493
1223 0.254388412
1223 0.235456832
1223 0.209556776
1223 0.262520056
1223 0.254993354
1227 0.257450725
1223 0.225907943
1223 0.204525007
1223 0.199783927
1223 0.191817281
1223 0.243422303
1237 0.174129149
1223 0.190082931
1237 0.141090075
1228 0.165299718
1223 0.169097065
1223 0.229802008
1233 0.152017575
1227 0.174593213
1227 0.201262712
1223 0.2682798
1223 0.258563666
1223 0.232316828
1223 0.228453356
1223 0.244104943
1223 0.22871654
1223 0.262406381
1223 0.260195532
1227 0.270431877
1223 0.185652384
1223 0.233751985
1223 0.238592775
1227 0.238740412
1223 0.218395888
1228 0.281294746
1223 0.256017044
1227 0.269144603
1232 0.215216732
1223 0.288099307
1227 0.254212025
1237 0.148332819
1223 0.179726153
1223 0.171403027
1223 0.196431536
1223 0.180856292
1234 0.151077865
1223 0.115998523
1223 0.238735764
1227 0.204100864
1228 0.21477285
1227 0.179013168
1223 0.22101287
1223 0.2677066
1227 0.208808982
1223 0.250666688
1223 0.270284075
1223 0.289112675
1223 0.254888755
1223 0.261404811
1223 0.224653618
1223 0.189777094
1227 0.227410707
1223 0.291419803
1227 0.250273721
1228 0.20608274
1223 0.28986648
1223 0.215615348
1223 0.223892996
1242 0.224340309
1223 0.251554323
1223 0.229302445
1223 0.273709401
1227 0.222576986
1223 0.188538278
1223 0.257222771
1227 0.231918133
1223 0.257914175
1223 0.29009076
1223 0.251720197
1223 0.250745348
1227 0.236399574
1223 0.200283597
1223 0.232475162
1223 0.206642205
1223 0.247201572
1223 0.257753974
1223 0.218688015
1223 0.284521429
1235 0.235982047
1227 0.215088376
1264 0.197819752
1228 0.257928788
1223 0.260553093
1223 0.262427601
1223 0.215602554
1223 0.280269418
1223 0.171229374
1227 0.212293307
1227 0.207209062
1223 0.284754903
1223 0.238958516
1227 0.253388628
1228 0.240237749
1223 0.250988919
1223 0.294690551
1227 0.267509212
1227 0.233186281
1223 0.271643875
1223 0.19451897
1223 0.232441914
1228 0.220529831
1223 0.224237905
1223 0.219212452
1228 0.225607142
1223 0.217534509
1234 0.209422188
1234 0.23918543
1223 0.218179118
1223 0.259732306
1223 0.250110916
1227 0.269977973
1223 0.164384305
1223 0.359477635
1227 0.256107508
1242 0.186134179
1223 0.237716975
1223 0.218714847
1223 0.295479815
1223 0.236396873
1223 0.272167284
1227 0.200110952
1223 0.248764148
1227 0.209876942
1223 0.269594658
1223 0.26724525
1234 0.167473607
1223 0.183022261
1223 0.194317895
1223 0.191254105
1223 0.208932547
1227 0.218333064
1223 0.217070247
1223 0.237803421
1223 0.317516643
1223 0.220441337
1233 0.249685705
1227 0.300557039
1223 0.230995917
1242 0.230422464
1227 0.229914679
1223 0.258556676
1228 0.176042892
1227 0.165362026
1223 0.199237901
1223 0.196042935
1223 0.184591873
1223 0.156637135
1223 0.180490963
1223 0.176789911
1223 0.167424592
1223 0.183648863
1234 0.173770064
1223 0.228956304
1223 0.240446089
1223 0.213544797
1223 0.215880967
1228 0.218572487
1234 0.246518983
1223 0.252576994
1223 0.231470493
1223 0.181922133
1223 0.203315923
1223 0.185860675
1223 0.180253411
1223 0.256037565
1227 0.205172042
1242 0.230792884
1223 0.232975483
1223 0.221537368
1223 0.230783847
1223 0.236855099
1227 0.210635346
1223 0.242658562
1223 0.266958581
1228 0.30125734
1242 0.200612176
1223 0.262987558
1223 0.264280451
1223 0.236598297
1223 0.277092674
1227 0.259567042
1233 0.217883144
1228 0.273819613
1223 0.306687472
1223 0.283133923
1223 0.1617938
1227 0.194591759
1223 0.191268655
1223 0.194500009
1223 0.197660929
1231 0.197358611
1223 0.187319855
1234 0.191747055
1234 0.178768558
1227 0.18999189
1223 0.20286762
1228 0.17657139
1223 0.206645023
1223 0.150697747
1223 0.1698846
1227 0.202504068
1223 0.171262441
1223 0.171856341
1223 0.212096755
1223 0.265501392
1227 0.217420092
1223 0.244318516
1223 0.287918003
1227 0.18252209
1252 0.203177007
1228 0.31390453
1227 0.219162339
1227 0.248911198
1223 0.21487611
1223 0.276966585
1227 0.258856726
1223 0.206594461
1223 0.220336383
1223 0.223194592
1233 0.234270145
1223 0.247749918
1223 0.210232598
1223 0.198571166
1223 0.245186521
1223 0.22559791
1223 0.223878326
1223 0.244873195
1227 0.286377463
1223 0.265147258
1223 0.231771523
1223 0.245690599
1223 0.287718088
1223 0.262622983
1223 0.25132913
1223 0.266953156
1227 0.218484671
1223 0.237502818
1223 0.234281634
1227 0.271803378
1223 0.228989315
1223 0.195505189
1223 0.1845583
1237 0.154001422
1227 0.205457054
1223 0.170317372
1223 0.220218431
1227 0.277679456
1242 0.200617347
1223 0.268970121
1227 0.255283118
1223 0.227265229
1223 0.253873028
1223 0.248040782
1259 0.169373668
1223 0.255849608
1223 0.258119055
1223 0.217174012
1227 0.224999594
1223 0.244918723
1223 0.261770106
1223 0.23179122
1227 0.240100766
1227 0.224701091
1227 0.22291593
1223 0.267065845
1242 0.1264987
1237 0.157542084
1223 0.185480477
1227 0.177141609
1223 0.184093139
1228 0.194886269
1223 0.225623864
1223 0.196231429
1223 0.338154079
1227 0.196412314
1223 0.20825178
1223 0.164076581
1223 0.17649655
1223 0.215583182
1223 0.202950379
1223 0.24896515
1223 0.257772179
1223 0.176877737
1223 0.242111002
1223 0.153864321
1223 0.204425707
1223 0.163660288
1223 0.20326418
1223 0.255940469
1223 0.257627993
1223 0.278985588
1223 0.216227425
1223 0.261400845
1223 0.240807076
1223 0.257291483
1228 0.24639465
1223 0.227164641
1223 0.320353101
1223 0.19769877
1223 0.314643235
1223 0.265958109
1223 0.15587501
1223 0.177290181
1234 0.197594619
1223 0.167228026
1227 0.159244685
1233 0.199874352
1223 0.256424044
1223 0.292763393
1223 0.205033689
1223 0.158239702
1223 0.22548114
1223 0.397639318
1223 0.235214037
1223 0.269546878
1227 0.219545521
1223 0.201548054
1223 0.311980224
1223 0.295986697
1223 0.257151619
1223 0.169864245
1223 0.211158831
1223 0.206408765
1223 0.230348914
1223 0.2751568
1223 0.337870168
1223 0.188410895
1233 0.166895907
1223 0.197350354
1223 0.230616468
1223 0.231066438
1234 0.220107469
1234 0.203529951
1223 0.209365683
1223 0.284023545
1228 0.180324332
1227 0.207874312
1223 0.210179734
1223 0.230963528
1227 0.180507796
1237 0.175868329
1223 0.228935937
1223 0.160453994
1223 0.227134318
1223 0.284117812
1223 0.303773164
1223 0.230905794
1223 0.25774222
1223 0.30777933
1234 0.199989797
1223 0.272121508
1223 0.244626999
1227 0.253244368
1227 0.264213576
1223 0.247577199
1223 0.175133998
1223 0.218061324
1223 0.191898215
1227 0.223752269
1223 0.229743202
1227 0.205616987
1227 0.195478705
1223 0.191474978
1223 0.257215335
1223 0.211625651
1223 0.208170372
1223 0.189166468
1223 0.220112979
1223 0.182599611
1223 0.195380556
1223 0.241175145
1227 0.246878157
1223 0.156886099
1223 0.246608601
1223 0.241597152
1234 0.224636699
1227 0.273455422
1223 0.232994174
1223 0.22235461
1223 0.200593641
1228 0.254829448
1234 0.229376592
1223 0.253940708
1223 0.254080972
1234 0.234988944
1227 0.254297225
1223 0.247429541
1223 0.248203145
1227 0.239176781
1223 0.320491769
1242 0.206366881
1223 0.24072414
1223 0.196462015
1223 0.211378991
1223 0.217860805
1223 0.220754485
1223 0.206813857
1227 0.224893265
1223 0.162528483
1223 0.206950504
1223 0.198535916
1223 0.161129974
1227 0.186162988
1223 0.277965699
1223 0.256358256
1223 0.211880357
1223 0.191209012
1223 0.192184687
1223 0.172503025
1227 0.171392316
1223 0.207923275
1223 0.231372925
1223 0.242475321
1223 0.300553471
1227 0.245471108
1223 0.259290465
1223 0.278316715
1223 0.237026251
1228 0.224189211
1223 0.236650674
1227 0.249012923
1223 0.230777935
1223 0.234212811
1227 0.202695365
1223 0.280201915
1242 0.199494608
1223 0.303459261
1223 0.247650281
1223 0.201762253
1223 0.219541535
1223 0.250897175
1223 0.163476717
1223 0.199237318
1223 0.217833673
1223 0.163404329
1234 0.153187605
1237 0.158570314
1223 0.132999384
1223 0.183561082
1227 0.159442794
1223 0.209829853
1223 0.179525666
1223 0.191586849
1223 0.269593679
1228 0.210808856
1223 0.231946874
1223 0.229430945
1223 0.1829064
1223 0.195766016
1223 0.204650879
1223 0.28283178
1223 0.23765093
1223 0.201474348
1223 0.265048925
1223 0.25797184
1223 0.250602059
1227 0.176280188
1223 0.214968338
1223 0.254030259
1223 0.233589319
1223 0.232052042
1223 0.390369307
1223 0.278519596
1223 0.262497918
1223 0.223822192
1223 0.261873217
1227 0.207135258
1223 0.212878616
1223 0.213538853
1223 0.164231885
1223 0.193510357
1223 0.17399429
1223 0.269144029
1234 0.164047652
1223 0.189456714
1223 0.198382709
1223 0.198134664
1223 0.202114332
1223 0.260862791
1223 0.211316965
1223 0.217232677
1223 0.234861092
1223 0.230421564
1223 0.239800588
1223 0.256866042
1223 0.200903488
1227 0.208432293
1223 0.245230758
1223 0.238609288
1228 0.2179954
1242 0.183588067
1223 0.234496085
1223 0.209570293
1227 0.179512277
1223 0.256368595
1223 0.19605085
1223 0.252875452
1223 0.248194969
1227 0.206368079
1223 0.224835769
1223 0.219986004
1223 0.198180661
1234 0.200191454
1223 0.218173406
1223 0.262299843
1223 0.244170849
1223 0.219287762
1223 0.276213545
1227 0.178914566
1229 0.207952467
1223 0.259879308
1223 0.28569787
1223 0.212568442
1227 0.1941305
1223 0.222680618
1223 0.2297969
1223 0.256410917
1223 0.259922249
1227 0.238353158
1223 0.216203546
1223 0.217064228
1251 0.191786037
1228 0.227731781
1234 0.190185637
1223 0.155106909
1234 0.166861824
1223 0.161625784
1223 0.194457757
1223 0.199486263
1227 0.164096331
1227 0.227421774
1227 0.185706187
1223 0.196883993
1227 0.193964525
1223 0.218313318
1223 0.240902516
1237 0.181027188
1229 0.231672973
1223 0.234992648
1223 0.223431545
1228 0.190542682
1223 0.240091738
1223 0.208605203
1223 0.278628868
1223 0.205177265
1227 0.226058955
1242 0.217869331
1223 0.22183193
1223 0.206468247
1223 0.228051458
1223 0.24939378
1223 0.269113826
1223 0.227940401
1223 0.190400368
1227 0.223004457
1223 0.227516023
1223 0.237118127
1223 0.262805641
1227 0.209601106
1227 0.271255668
1242 0.226043214
1242 0.204408712
1231 0.212441159
1227 0.241312682
1223 0.246781825
1223 0.200660357
1223 0.256653376
1223 0.227368285
1223 0.264679012
1223 0.238511945
1237 0.188684114
1228 0.256181687
1223 0.225053224
1223 0.254852285
1223 0.225373822
1223 0.26705667
1227 0.191481885
1223 0.272060865
1223 0.164517464
1227 0.254187214
1223 0.180149456
1223 0.243875764
1223 0.310739555
1223 0.326392891
1251 0.198540609
1242 0.237314959
1223 0.235862228
1232 0.236441456
1223 0.219406019
1233 0.279959967
1243 0.202156592
1223 0.252530867
1223 0.229353397
1223 0.291476111
1227 0.22443609
1223 0.240608691
1223 0.202668588
1223 0.221027078
1223 0.239029393
1223 0.302962949
1223 0.174899826
1223 0.194165641
1223 0.242098037
1227 0.244912662
1223 0.242849954
1223 0.214010997
1223 0.279576491
1223 0.199971005
1242 0.155818966
1223 0.190027201
1223 0.205232696
1227 0.178502169
1223 0.192777928
1223 0.224918019
1223 0.179549939
1234 0.20366703
1223 0.189253407
1223 0.23859762
1223 0.249047349
1223 0.236471792
1223 0.202361245
1223 0.225462798
1227 0.214269762
1223 0.222383609
1223 0.233186459
1223 0.21283754
1223 0.239621147
1223 0.236814165
1233 0.188904694
1223 0.231094194
1223 0.208960268
1223 0.228060043
1223 0.232962351
1228 0.192538917
1223 0.197814616
1242 0.103375648
1223 0.186716966
1223 0.218677514
1227 0.215939107
1223 0.168796155
1223 0.208722331
1223 0.168044723
1242 0.207373702
1223 0.24680728
1223 0.221516606
1223 0.253352492
1223 0.195217658
1223 0.249406608
1227 0.298019079
1223 0.263870641
1223 0.296785013
1223 0.269731702
1252 0.199784975
1223 0.271279519
1223 0.240995596
1227 0.228929242
1223 0.243775176
1228 0.253107941
1227 0.270540605
1223 0.266005816
1223 0.223644208
1223 0.259049276
1223 0.234630888
1227 0.228940093
1228 0.19198683
1223 0.168289413
1223 0.174007019
1232 0.179840501
1223 0.260572461
1223 0.185233857
1242 0.229920682
1223 0.230198815
1223 0.171773131
1223 0.207956139
1242 0.197090102
1237 0.231014601
1223 0.26436483
1223 0.226226629
1223 0.219167977
1223 0.279022688
1223 0.270248005
1223 0.258761939
1223 0.239463893
1223 0.156564933
1223 0.146180996
1227 0.165391352
1223 0.214524327
1234 0.225184112
1223 0.243733567
1223 0.268832347
1223 0.2643417
1237 0.186974516
1237 0.206471268
1223 0.190175003
1223 0.248678454
1227 0.283522513
1223 0.200984989
1223 0.211036093
1223 0.218239141
1223 0.224284539
1223 0.230249315
1223 0.256046673
1223 0.234149213
1232 0.240876202
1227 0.244996832
1223 0.213381105
1223 0.242163555
1223 0.208997951
1242 0.110488394
1237 0.167834377
1223 0.256219145
1223 0.258205022
1223 0.313101993
1227 0.259007749
1223 0.223630726
1223 0.193615055
1227 0.210787556
1242 0.189290295
1223 0.198709113
1223 0.24813537
1228 0.224781018
1227 0.226890864
1234 0.222956699
1223 0.240352877
1223 0.218064928
1223 0.2469667
1223 0.228228395
1223 0.251910627
1223 0.245904731
1223 0.216841594
1223 0.203188212
1223 0.229212951
1223 0.232446837
1223 0.222273014
1223 0.212314436
1223 0.24902145
1223 0.204358542
1223 0.232748949
1223 0.261503052
1227 0.228846395
1223 0.230142651
1223 0.192729147
1233 0.195346926
1242 0.184310523
1227 0.194780456
1223 0.182416214
1223 0.169041883
1223 0.165766483
1223 0.192073085
1223 0.262813735
1223 0.263518797
1223 0.174072887
1228 0.144895545
1227 0.166816377
1223 0.209502798
1237 0.21401446
1223 0.229997408
1223 0.271101198
1223 0.198188464
1227 0.23642191
1223 0.244481875
1227 0.212723099
1223 0.301518063
1223 0.228910444
1223 0.331412778
1223 0.266950544
1223 0.221091491
1223 0.222442095
1228 0.209985714
1248 0.192030394
1227 0.212285076
1228 0.204454389
1223 0.231144445
1223 0.211843608
1228 0.214777218
1223 0.251112836
1223 0.22470717
1223 0.225694431
1227 0.21324367
1223 0.21125904
1223 0.206831449
1223 0.233332952
1223 0.322442551
1223 0.223542153
1223 0.189860977
1237 0.217512615
1223 0.215051227
1223 0.233941397
1227 0.235191419
1227 0.22184122
1223 0.205294122
1223 0.186133838
1223 0.185415878
1223 0.228728146
1234 0.152268109
1223 0.194887952
1227 0.197249937
1223 0.190531951
1223 0.164577164
1223 0.177705238
1227 0.201160298
1227 0.188150408
1223 0.160657396
1223 0.203599517
1223 0.217227259
1234 0.16089688
1223 0.21282721
1223 0.199081355
1228 0.163041052
1233 0.163864868
1227 0.176163807
1223 0.189212713
1227 0.159203766
1232 0.171102925
1258 0.238110034
1227 0.256679019
1227 0.234643301
1223 0.278271521
1223 0.231099038
1242 0.231688273
1223 0.256810786
1223 0.273273618
1223 0.244870781
1223 0.238569544
1227 0.259243209
1223 0.251376729
1242 0.21412301
1223 0.25344867
1223 0.12959205
1223 0.188459577
1227 0.222353862
1223 0.274195295
1223 0.20535471
1223 0.246581279
1228 0.239980221
1234 0.211373592
1234 0.228425203
1223 0.265290018
1227 0.264058609
1237 0.24715701
1223 0.229553059
1227 0.217768487
1223 0.233554337
1223 0.239649057
1223 0.230255262
1223 0.252497497
1223 0.243999936
1223 0.285045789
1227 0.230874508
1223 0.22557726
1223 0.176380257
1227 0.213383939
1237 0.198502369
1223 0.21497049
1227 0.202164097
1223 0.226980948
1223 0.25932174
1223 0.220064402
1223 0.184543475
1223 0.228952901
1223 0.237863254
1223 0.224919118
1223 0.196110326
1223 0.236540333
1223 0.192784598
1223 0.230267602
1234 0.229566946
1223 0.270990825
1223 0.259240775
1223 0.182803491
1223 0.232575004
1223 0.232733941
1223 0.276842259
1223 0.262609263
1223 0.19076818
1223 0.195329764
1223 0.238020567
1223 0.267227417
1223 0.227803588
1223 0.226958924
1223 0.235521772
1223 0.163657225
1228 0.207032671
1242 0.166790819
1223 0.19265061
1223 0.170011297
1223 0.18165614
1223 0.215494473
1223 0.255497894
1223 0.213611838
1227 0.226169613
1228 0.21467244
1223 0.277695834
1228 0.276260798
1223 0.309444251
1228 0.259564973
1223 0.280406711
1223 0.201383946
1223 0.258146999
