1702.6 0.531066449
1694.9999999999995 0.537733106
1698.6999999999994 0.853999152
1694.9999999999995 0.81725514
1702.6000000000001 0.839330355
1702.5999999999995 0.612328329
1702.5999999999997 0.618323115
1694.9999999999998 0.71118299
1698.6999999999996 0.933349332
1698.6999999999996 0.699987787
1694.9999999999995 0.530064545
1694.9999999999998 0.461144335
1694.9999999999998 0.847364578
1702.6 0.632345092
1716.4999999999995 0.568522875
1702.6000000000001 0.676676578
1698.6999999999998 1.053934523
1694.9999999999995 0.60243359
1695 0.92539712
1697.1000000000001 0.545964624
1695 0.593434248
1698.6999999999998 0.650133996
1694.9999999999998 0.436642176
1734.1999999999996 0.473631191
1702.6 0.436900097
1694.9999999999995 0.671588183
1694.9999999999998 0.55381331
1705.5999999999997 0.772451507
1694.9999999999995 0.732203489
1694.9999999999995 0.753296265
1702.6000000000001 0.706164684
1775.3999999999999 0.426286923
1702.6000000000001 0.873045312
1716.4999999999995 0.47532967
1695 0.742078334
1698.3 0.769556671
1695 0.50103867
1695 1.052783298
1694.9999999999995 0.687559577
1694.9999999999998 0.796456649
1694.9999999999998 1.168997815
1695 0.50060917
1705.5999999999995 0.931002191
1694.9999999999995 0.867075733
1694.9999999999995 0.902171826
1694.9999999999995 0.691468953
1695 0.386374549
1705.5999999999992 0.502599889
1702.5999999999995 0.619606054
1694.9999999999998 0.55200008
1694.9999999999995 0.73606294
1702.5999999999992 0.469637868
1694.9999999999995 0.744946295
1698.6999999999994 0.520617988
1716.2999999999995 0.617447064
1710.4999999999995 0.552681006
1698.6999999999996 0.458636773
1694.9999999999995 0.599466247
1698.6999999999994 1.05113662
1734.2999999999997 0.470811119
1702.5999999999992 0.597038062
1694.9999999999995 0.831420192
1694.9999999999995 0.578061527
1729.7999999999997 0.686041571
1694.9999999999995 0.602115361
1694.9999999999998 0.65770387
1695 0.829024513
1695 0.52926189
1695 0.846825916
1702.6 0.592810953
1702.6 0.618963641
1732.8999999999996 0.477017616
1694.9999999999998 1.063284287
1726.6 0.820604516
1710.4999999999995 1.222540048
1721.8999999999996 0.660799231
1694.9999999999995 0.949201473
1702.6 0.862426026
1695 0.665724999
1695 0.760958924
1702.6 1.070046825
1694.9999999999995 0.687438017
1694.9999999999995 0.884995458
1705.5999999999995 1.194987571
1729.7999999999997 0.566374656
1702.6 0.402717459
1702.6000000000001 0.665040239
1698.6999999999998 0.736061613
1694.9999999999998 0.689609635
1695 0.700643623
1698.6999999999994 1.024372154
1723.3999999999996 0.51218434
1721.8999999999996 0.906444206
1698.6999999999994 0.791345743
1695 0.625666953
1695 0.825812982
1694.9999999999995 0.361100912
1702.6 0.531899106
1716.5999999999997 0.84250506
1694.9999999999995 0.616071094
1694.9999999999998 0.675160645
1702.6 0.631685301
1702.6 0.746577302
1694.9999999999995 0.594826275
1694.9999999999998 0.820098556
1694.9999999999995 0.686023591
1694.9999999999995 0.565363344
1702.6 0.402487896
1694.9999999999995 0.519143556
1702.5999999999997 0.81888665
1702.5999999999997 0.865055121
1716.4999999999995 0.602529479
1695 0.861946804
1720.5 0.508320244
1694.9999999999998 1.095728328
1694.9999999999998 0.535575144
1712.8999999999996 0.573913118
1699.7 0.459453708
1694.9999999999993 0.939444982
1698.6999999999996 0.418363599
1694.9999999999998 0.887281939
1747.6 0.84951135
1702.5999999999997 0.655695605
1698.6999999999996 0.486553601
1705.6 0.760852766
1698.6999999999994 0.499956061
1695 0.82407869
1694.9999999999998 0.497989322
1695 0.505288962
1694.9999999999995 1.181589193
1716.2999999999997 0.40084617
1702.6 1.029071686
1694.9999999999993 0.77703538
1705.5999999999995 0.741816907
1695 0.990212974
1698.6999999999996 0.639712205
1734.2999999999997 0.650452451
1702.5999999999995 0.529506281
1695 0.428912489
1716.5 0.412972219
1698.6999999999998 0.737110645
1695 0.725064774
1702.5999999999997 0.496079998
1702.5999999999997 0.402153711
1702.6 0.414424076
1695 0.772917595
1694.9999999999995 0.969223953
1702.6000000000001 0.945324053
1694.9999999999995 0.895894301
1694.9999999999995 0.868452133
1695 0.357592286
1695 0.557054587
1705.5999999999995 0.466629635
1694.9999999999998 0.518356159
1694.9999999999993 0.582289335
1694.9999999999995 0.64993237
1716.5000000000002 0.559850046
1702.5999999999997 0.471816648
1702.5999999999995 1.009485608
1721.8999999999996 0.397571644
1712.8999999999992 0.47682442
1695 0.483657373
1695 0.627881474
1705.5999999999997 0.731361305
1695 0.467240206
1694.9999999999995 0.664783406
1695.0000000000002 0.536900241
1694.9999999999995 0.82086905
1722.5999999999997 0.439398628
1694.9999999999993 0.776970898
1694.9999999999998 0.528858599
1695 0.406970537
1695 0.347456694
1695 0.586085305
1698.6999999999996 0.537345238
1694.9999999999995 0.768062489
1702.6 0.800842529
1698.6999999999998 0.73548698
1698.6999999999996 1.16232975
1694.9999999999993 0.623216117
1735.4 0.801687083
1723.5 0.562144575
1695 0.694891424
1710.4999999999995 0.583709883
1716.4999999999995 0.45488564
1698.6999999999998 0.59194596
1695 0.476162323
1698.6999999999996 0.707571973
1718.6999999999996 0.771874869
1694.9999999999995 1.072641419
1694.9999999999995 0.915234039
1702.5999999999997 0.553141287
1694.9999999999995 0.634812497
1702.5999999999995 0.422087417
1698.6999999999994 0.673125397
1718.6999999999998 0.706372368
1710.4999999999995 0.765169448
1698.6999999999994 0.711541333
1695 0.871073094
1705.5999999999997 0.791501962
1695 0.44446593
1702.5999999999995 0.67189562
1702.6 0.639615794
1705.6 0.782742187
1694.9999999999995 0.581234882
1695 0.567436418
1702.6 0.640081855
1722.4999999999995 1.18148337
1716.4999999999995 0.491234864
1702.6 1.034466815
1694.9999999999995 0.473765405
1694.9999999999998 0.452539168
1705.6 0.450130574
1702.6000000000001 0.483142392
1702 0.956853989
1716.4999999999995 1.073735754
1705.5999999999995 0.832601068
1695 0.640191383
1695 0.789722766
1694.9999999999995 0.708208376
1695 0.646736563
1702.6 0.549157681
1695 0.515261717
1694.9999999999998 0.780374862
1695 0.790737635
1721.8999999999996 0.877587897
1694.9999999999995 0.601744725
1695 0.857771613
1695 0.563516045
1695 0.746072571
1723.3999999999996 0.658018762
1702.6000000000001 0.52679497
1712.8999999999996 0.645713162
1695 0.416761341
1697.1 0.55823835
1694.9999999999998 0.568359343
1697.0999999999997 0.660079998
1694.9999999999995 0.470966963
1702.5999999999995 0.654504259
1695 0.47130103
1705.5999999999995 0.536200268
1698.6999999999994 0.474411427
1697.1 0.667159753
1710.4999999999995 0.582330205
1705.5999999999997 0.491441957
1694.9999999999995 0.631056138
1698.6999999999998 0.731495703
1695 0.593953501
1695 1.023758895
1702.5999999999995 0.852915437
1695 0.730596737
1729.7999999999995 0.344444438
1705.5999999999992 0.455356151
1702.6000000000001 0.433366273
1694.9999999999993 0.690186758
1695 0.738753435
1702.5999999999997 0.791928095
1698.6999999999996 0.85490945
1702.5999999999995 0.929495324
1695 0.769422472
1698.6999999999996 0.759699771
1702.6 0.733038534
1702.6 0.875745238
1694.9999999999995 0.423611607
1710.4999999999995 1.018062365
1716.4999999999995 0.472438789
1695 0.602330039
1695 0.513930915
1694.9999999999995 0.555330517
1694.9999999999998 0.706948536
1722.5999999999997 0.579830737
1695 1.025684375
1705.5999999999995 0.588310411
1702.5999999999995 0.614702043
1694.9999999999998 0.443356216
1694.9999999999995 0.7759873
1694.9999999999995 0.70965969
1702.6 0.595814164
1694.9999999999995 1.009397871
1702.6 0.685610269
1700.6999999999998 0.639752565
1694.9999999999993 0.553714991
1705.5999999999992 1.272066763
1695 0.57140418
1694.9999999999995 0.775520476
1694.9999999999995 0.829138093
1694.9999999999995 0.618253675
1698.6999999999998 0.750830363
1698.6999999999994 0.920996049
1694.9999999999998 0.877595805
1702.5999999999995 0.868422049
1712.8999999999999 0.877146946
1695 0.952083071
1705.5999999999995 1.117372798
1694.9999999999998 0.626187845
1714.0999999999997 0.863496718
1695 1.3027083799999999
1694.9999999999995 0.964441824
1716.4999999999995 0.651279515
1695 0.970512517
1694.9999999999998 1.398709637
1694.9999999999998 0.546064084
1694.9999999999995 0.764763278
1694.9999999999998 1.039552854
1695 0.4296116
1702.6000000000001 0.522463145
1702.5999999999995 0.898606336
1695 0.709986681
1695 0.693392365
1694.9999999999995 0.951368406
1698.6999999999994 0.865182408
1705.6 0.557542869
1694.9999999999995 0.927820327
1702.5999999999997 0.603590029
1696.1000000000001 0.91453017
1694.9999999999995 1.009941762
1694.9999999999998 0.386073928
1694.9999999999995 0.778405245
1694.9999999999998 1.130884158
1702.6 1.0220547739999999
1694.9999999999993 0.774524933
1698.6999999999994 0.881095598
1694.9999999999998 0.555764359
1695 0.71534071
1735.3999999999992 0.581401391
1694.9999999999995 0.638444569
1702.6 0.516669826
1705.5999999999997 0.460319598
1694.9999999999998 0.442395637
1695 0.386782642
1694.9999999999995 0.648596914
1694.9999999999998 0.620672255
1694.9999999999995 0.996134426
1695 0.836934022
1710.5 0.487865853
1695 0.789801732
1694.9999999999995 1.057483648
1694.9999999999995 0.802058496
1698.6999999999998 0.474288409
1694.9999999999995 0.467085583
1702.5999999999997 0.541369007
1698.6999999999994 0.86015502
1698.6999999999994 0.549750721
1694.9999999999995 0.495922974
1695 0.84213357
1694.9999999999998 0.853315079
1695 0.519017402
1695 0.844529191
1695 0.87084658
1695 0.473372205
1695 0.644545634
1694.9999999999995 0.615708949
1695 0.839156631
1694.9999999999998 0.562725654
1698.6999999999998 0.643048943
1705.5999999999997 0.605993401
1710.4999999999995 0.600659349
1716.4999999999995 0.510581236
1702.6 0.495937198
1698.6999999999998 0.621200267
1695 0.479254202
1702.6 0.452528263
1698.6999999999996 0.53474755
1695 0.905788489
1694.9999999999998 1.186684568
1694.9999999999998 0.707659385
1702.5999999999997 0.653551719
1705.5999999999997 0.86834817
1694.9999999999995 0.697666163
1705.5999999999997 0.685214699
1702.6000000000001 0.58335199
1695 0.579735318
1710.4999999999998 0.498139272
1702.6 0.435320866
1694.9999999999998 0.996112084
1702.5999999999997 0.621901768
1716.5 0.489207196
1702.5999999999995 0.76873491
1705.6 0.64840628
1694.9999999999995 0.765562552
1702.6000000000001 0.565044539
1694.9999999999995 0.659119711
1695 0.457266725
1694.9999999999993 0.738220656
1694.9999999999995 0.592371295
1694.9999999999995 0.762211947
1694.9999999999995 0.568719814
1694.9999999999993 1.011717036
1694.9999999999995 0.634337274
1695 0.589496669
1710.4999999999995 0.595591548
1702.6 1.110731883
1695 0.845934474
1695 0.613682403
1694.9999999999993 0.89223787
1694.9999999999993 0.983853829
1695 0.56476856
1695 0.494711545
1695 0.655635616
1702.6 0.513364604
1702.6000000000001 0.916614432
1694.9999999999998 0.733421167
1695 0.538052319
1707.6000000000001 0.658702119
1694.9999999999998 0.690320037
1694.9999999999995 0.804439025
1694.9999999999993 0.69871806
1702.6 0.541522718
1694.9999999999998 0.618393561
1694.9999999999995 0.417307485
1694.9999999999998 0.678847299
1702.6 0.347540266
1716.2999999999997 0.580392553
1695 1.031892556
1705.6 0.667573286
1716.2999999999997 0.382043978
1694.9999999999995 0.560931749
1719.6999999999996 0.415312509
1716.4999999999995 0.412196485
1694.9999999999998 0.883703357
1694.9999999999993 0.53778213
1695 0.546192987
1716.4999999999995 0.554918068
1722.5999999999997 0.380722988
1695 0.496985851
1695 0.918626344
1695 0.732782292
1694.9999999999998 0.525737627
1716.4999999999998 0.698525152
1702.6 1.099970922
1721.8999999999996 0.681262128
1702.5999999999997 0.990098249
1702.6000000000001 0.862465741
1705.5999999999992 0.80134676
1705.6 0.741068591
1695 0.677364563
1695 0.821571366
1702.6 0.57697987
1695 0.708096276
1695 1.052869189
1705.5999999999995 0.729788614
1694.9999999999993 0.759185406
1702.6 0.568902764
1694.9999999999998 0.88474897
1694.9999999999993 0.538989723
1698.6999999999998 0.702439241
1698.6999999999996 0.802037468
1694.9999999999993 0.71540688
1702.6 0.462864386
1716.4999999999995 0.578542798
1698.6999999999994 1.076233755
1694.9999999999998 0.916707186
1695 0.667065591
1705.6 0.527050061
1705.6000000000001 0.520567103
1702.6 0.49216523
1694.9999999999995 1.061842194
1695 0.717592146
1694.9999999999998 0.856261419
1702.5999999999995 0.800726675
1694.9999999999995 0.56769143
1744.1999999999996 0.756157939
1695 0.954842873
1695 0.89450108
1695 0.766558366
1694.9999999999995 1.223824704
1702.6 0.707191394
1694.9999999999993 0.780243514
1710.4999999999995 0.787556443
1695 0.458301885
1710.4999999999995 0.908730419
1695 0.941634191
1702.0000000000002 0.71330656
1695 0.530783628
1737.1999999999996 0.412496675
1737.1999999999996 0.567725067
1694.9999999999995 0.782822981
1702.5999999999995 0.738979371
1694.9999999999995 0.750938518
1694.9999999999998 0.743011556
1694.9999999999995 0.726661578
1722.5999999999997 0.49863563
1695 0.557073784
1734.2999999999995 0.568415111
1694.9999999999993 0.815679328
1698.6999999999994 0.610262095
1695 0.617309513
1702.5999999999997 0.474912025
1710.4999999999995 0.398908309
1716.4999999999995 0.410065752
1716.4999999999998 0.6995583
1702.6 0.598042134
1694.9999999999995 0.708315355
1793.2000000000003 0.480836776
1698.6999999999996 0.474616969
1694.9999999999995 0.648713235
1695 0.489399065
1702.6 0.747908071
1743.8999999999999 0.498811106
1695 0.473503002
1694.9999999999993 0.603384569
1694.9999999999998 0.386520833
1698.6999999999994 0.494581644
1694.9999999999998 0.532257122
1695 0.700413202
1695 0.422678404
1694.9999999999993 0.361083419
1695 0.535695514
1694.9999999999998 0.505435109
1702.6 0.598649252
1694.9999999999993 0.677404466
1694.9999999999995 0.704247012
1694.9999999999995 1.375500876
1710.5 0.666037424
1694.9999999999995 0.3872305
1702.6 0.368372067
1705.5999999999997 0.754259395
1698.6999999999994 1.127103581
1695 0.722672995
1695 0.782131677
1702.5999999999995 0.606183395
1694.9999999999995 0.584141803
1695 0.536803449
1695 0.764659739
1694.9999999999995 0.559527552
1694.9999999999993 0.621189862
1716.2999999999995 0.807250228
1695 0.472252242
1698.6999999999996 0.727271808
1702.6 0.420502614
1716.4999999999995 0.489594288
1746.2999999999995 0.549570676
1694.9999999999995 0.885730856
1694.9999999999995 0.728164811
1702.6 0.652106409
1694.9999999999998 0.534348735
1711.5 0.350261926
1698.6999999999994 0.943811532
1695 0.761067385
1694.9999999999998 0.564876904
1696.1000000000001 0.76957728
1695 0.874155373
1734.1999999999998 0.555762106
1716.4999999999995 0.530010237
1702.5999999999997 0.879122401
1715.3 1.127659639
1702.6 0.826310925
1705.6 0.898809952
1705.5999999999992 0.817386166
1695 0.87575323
1734.1999999999994 0.407037875
1694.9999999999995 0.902275975
1695 0.755625333
1695 0.520080914
1695 0.47030244
1716.2999999999995 0.541377128
1698.6999999999998 0.878566699
1694.9999999999995 1.162577719
1702.5999999999995 0.747048944
1702.5999999999997 0.412432327
1716.4999999999995 0.510813992
1694.9999999999998 0.544832118
1695 0.714160126
1695 0.594819622
1718.6999999999996 0.491584219
1698.6999999999994 0.926970138
1702.5999999999997 0.596420233
1694.9999999999995 0.514122017
1722.5999999999997 0.494910455
1702.6 0.460775806
1694.9999999999998 0.483675013
1694.9999999999998 0.470634949
1695 0.587933519
1694.9999999999998 1.26180734
1694.9999999999995 0.697020185
1694.9999999999998 0.684613522
1695 0.537473655
1695 0.731612936
1705.5999999999997 0.91558214
1702.5999999999997 0.705688108
1694.9999999999995 0.681460966
1702.6000000000001 0.511750092
1702.5999999999995 0.539686191
1695 0.480012071
1734.3999999999996 0.33955511
1716.4999999999995 0.540654168
1739.7999999999997 0.31160851
1698.6999999999998 0.500079459
1694.9999999999995 0.429003275
1694.9999999999998 0.501364525
1710.5 0.331529456
1698.6999999999994 0.430642332
1694.9999999999995 0.975471512
1694.9999999999998 0.75478506
1694.9999999999995 0.720254488
1716.4999999999995 0.884692227
1722.5999999999997 0.399494623
1694.9999999999995 0.630551917
1710.4999999999995 0.70651973
1695 0.589956098
1702.5999999999995 0.892529088
1695 0.856266068
1695 0.591515394
1694.9999999999998 0.843228669
1702.6 0.754215974
1695 0.642068926
1695 0.517544957
1716.4999999999998 0.53723704
1694.9999999999995 0.787301047
1698.6999999999994 0.604285628
1698.6999999999996 0.780774359
1698.6999999999994 0.53885177
1698.6999999999994 0.383216675
1702.6 0.491994431
1711.2999999999997 0.572566577
1694.9999999999998 0.395099488
1702.5999999999997 0.623126206
1702.5999999999997 0.440883004
1694.9999999999995 0.49038796
1716.4999999999995 0.398721259
1705.5999999999995 1.004981031
1716.4999999999995 0.536222245
1702.6 0.620940358
1716.5999999999995 0.667930887
1702.5999999999997 0.733987771
1695 0.585590628
1695 0.684563074
1694.9999999999995 0.547624166
1702.5999999999995 0.61577882
1710.4999999999995 0.670270454
1694.9999999999998 0.565360017
1695 0.590479388
1714.1999999999996 0.676631765
1694.9999999999995 0.933576069
1695 0.441430699
1716.3 0.805911683
1700.7 0.866042694
1702.5999999999995 0.461974177
1694.9999999999995 0.978799857
1702.6 1.121853047
1698.1999999999998 1.05609817
1695 0.506896897
1705.5999999999997 1.106844245
1698.6999999999994 0.943628323
1694.9999999999998 0.870956241
1721.8999999999996 0.739435165
1694.9999999999993 0.942997842
1695 0.516498706
1705.5999999999997 0.552220536
1694.9999999999995 0.424162067
1705.6 0.381231957
1702.6 0.578186842
1702.5999999999995 0.415335347
1702.5999999999992 0.658692899
1695 0.593463911
1695 0.461528705
1702.6 0.640969978
1695 0.7597324
1694.9999999999998 0.501704316
1694.9999999999993 0.620102346
1694.9999999999995 0.36050864
1695 0.576999588
1694.9999999999993 0.810005936
1695 0.54373942
1694.9999999999993 0.746876104
1695 0.442569658
1702.5999999999995 0.631858849
1695 0.531733828
1705.5999999999992 0.605377162
1694.9999999999995 0.59605651
1716.5 1.017463292
1702.6 0.658611219
1705.5999999999997 0.916992533
1698.6999999999998 1.001160684
1702.6 0.820746411
1698.7 0.614531372
1698.6999999999996 0.44016329
1695 0.669194276
1694.9999999999998 0.797704602
1702.5999999999997 0.722131161
1694.9999999999995 0.71195072
1705.6 0.625330432
1695 0.801061045
1698.6999999999994 0.808293818
1694.9999999999995 0.753060333
1695 0.690588013
1695 0.985971341
1698.6999999999998 0.92541394
1695 0.735066446
1722.5 0.71342007
1694.9999999999993 0.752677311
1694.9999999999995 0.700118726
1705.5999999999995 0.860567612
1702.5999999999997 0.475848263
1702.5999999999995 0.628847844
1716.4999999999995 0.388572101
1694.9999999999995 0.347083221
1694.9999999999995 0.541160104
1705.6 0.426525053
1716.4999999999995 0.559485944
1698.6999999999994 0.564307176
1694.9999999999995 0.589782037
1698.6999999999996 0.826101424
1694.9999999999998 0.813217978
1702.5999999999997 0.778389409
1695.0000000000002 0.589202145
1702.5999999999995 0.527670698
1712.8999999999996 0.597743754
1694.9999999999995 0.692835545
1698.6999999999994 0.661886582
1698.6999999999996 0.477193874
1694.9999999999995 1.344739709
1694.9999999999995 0.809121154
1716.4999999999995 0.827137102
1695 0.515461114
1695 0.420777251
1698.6999999999996 0.494614461
1694.9999999999995 0.422652315
1695 0.938582654
1712.8999999999996 0.415828438
1702.5999999999997 0.628864976
1695 0.77329448
1694.9999999999998 1.053465459
1702.6 0.59581017
1702.6 0.868008429
1705.6 0.757142227
1695 0.687239157
1694.9999999999995 0.764380702
1721.8999999999996 0.684468439
1695 0.666482429
1712.8999999999999 0.477230245
1694.9999999999995 0.87838104
1694.9999999999995 0.450470685
1734.3 0.436417568
1694.9999999999995 0.776250527
1695 0.729721322
1710.4999999999995 0.571128546
1702.5999999999997 1.001845407
1705.5999999999995 0.674846214
1694.9999999999998 1.163356038
1716.4999999999995 0.938876752
1702.6 0.548310258
1695 0.828866335
1702.6 0.575311257
1695 0.92811007
1694.9999999999998 0.922510454
1702.6 0.822796901
1702.6 0.604442624
1698.6999999999998 0.552594024
1702.6 0.540063696
1694.9999999999998 0.542161256
1716.2999999999995 0.304102288
1694.9999999999995 0.44412009
1722.5999999999997 0.312072886
1702.6 0.600624422
1702.6 0.483773888
1727.1999999999996 0.522781103
1695 0.633194741
1698.6999999999994 0.89359137
1694.9999999999995 0.922466077
1695 0.386724998
1695 0.701287325
1695 0.688596256
1695 0.807437847
1694.9999999999998 0.781015638
1716.2999999999997 1.063066909
1694.9999999999995 0.560515881
1694.9999999999998 0.505322561
1695 0.60397008
1698.6999999999994 0.713470984
1694.9999999999995 1.027737293
1694.9999999999995 0.972001197
1694.9999999999998 0.717515723
1694.9999999999995 0.746934426
1716.2999999999995 0.49498711
1695 0.503456104
1694.9999999999998 0.53035868
1716.4999999999995 0.722600685
1696.1 0.622269401
1702.6 0.440618885
1694.9999999999995 0.412783171
1694.9999999999995 0.39396646
1702.6 0.440458754
1722.5999999999997 0.40543752
1723.4 0.459199464
1694.9999999999993 0.438797526
1698.6999999999996 0.38654092
1694.9999999999993 0.519711353
1694.9999999999995 0.786855177
1694.9999999999995 0.762753569
1694.9999999999998 0.681621739
1721.8999999999999 0.444063031
1694.9999999999998 0.376122107
1694.9999999999998 0.753676191
1702.5999999999995 0.58185397
1702.6 0.799757736
1732.8999999999996 0.667371738
1695 0.949176262
1698.6999999999996 0.476228834
1698.6999999999994 0.747159398
1702.5999999999997 0.561795769
1695 0.500737576
1702.5999999999995 0.532163353
1694.9999999999993 0.533475782
1694.9999999999995 0.688911065
1716.4999999999995 0.844043128
1702.5999999999995 0.57453906
1695 1.102544897
1694.9999999999995 0.42781677
1695 0.540367704
1718.6999999999996 0.503545143
1705.5999999999992 0.394745001
1716.4999999999995 0.459272107
1702.5999999999995 0.723051663
1694.9999999999995 0.599409344
1694.9999999999998 0.687533174
1698.6999999999996 0.671594768
1716.4999999999995 0.653457759
1694.9999999999998 0.758851116
1698.6999999999996 0.693097483
1694.9999999999995 0.572232277
1694.9999999999995 0.449828681
1719.4999999999998 0.426842982
1702.5999999999995 0.5092643
1702.6 0.945575197
1694.9999999999998 0.75177138
1695 0.561321763
1695 0.720267503
1694.9999999999995 0.951796358
1702.6 0.851008092
1702.5999999999997 0.380762277
1702.6 0.515358567
1694.9999999999995 0.706078075
1705.5999999999997 0.647438299
1694.9999999999995 1.164234757
1698.6999999999994 0.935117167
1712.8999999999996 0.684993811
1710.4999999999998 0.658247463
1694.9999999999998 0.482394022
1695 0.741620095
1716.2999999999995 0.636630663
1702.6 0.593670279
1705.5999999999997 0.557448185
1695 0.605295825
1702.5999999999995 0.668165721
1698.6999999999994 0.633140992
1694.9999999999995 1.233914494
1710.4999999999993 0.489446459
1698.6999999999994 0.607422248
1721.8999999999996 0.445742885
1694.9999999999998 0.839550389
1702.6 0.49764997
1721.8999999999996 0.693583687
1694.9999999999998 0.389877062
1702.5999999999997 0.77010084
1695 0.738824431
1695 0.598378156
1718.6999999999996 1.117940216
1694.9999999999993 0.430587502
1694.9999999999995 0.741499182
1694.9999999999998 0.841246664
1702.6 0.876523129
1694.9999999999998 0.76247373
1695 0.693555272
1702.5999999999997 0.512458589
1716.2999999999995 0.475278522
1694.9999999999995 0.522543164
1705.5999999999997 0.381978878
1702.6 0.556389973
1695 0.522594144
1694.9999999999998 0.817463635
1694.9999999999995 0.736341914
1694.9999999999998 0.633358153
1698.6999999999996 0.553386581
1694.9999999999998 0.418396035
1697.1 0.566612199
1698.6999999999994 0.551319386
1694.9999999999995 0.71537669
1694.9999999999995 0.562267781
1710.4999999999995 0.543919389
1702.5999999999995 0.85074028
1694.9999999999995 0.77509904
1710.4999999999995 0.752272972
1702.6 0.510649138
1720.5 0.355830413
1705.5999999999997 0.555066057
1694.9999999999998 0.823899991
1695 0.761188306
1694.9999999999993 0.964723708
1714.1999999999996 0.819972064
1694.9999999999995 0.934804137
1702.6 0.616990084
1694.9999999999993 0.978158772
1702.6 0.845978039
1716.4999999999998 0.798376753
1694.9999999999995 1.111992616
1694.9999999999998 0.567694281
1710.4999999999995 1.094705018
1702.6 0.590286021
1698.6999999999998 0.76113902
1702.5999999999997 0.827187707
1702.5999999999997 1.090107812
1702.5999999999997 0.585326271
1702.6 0.656403638
1698.6999999999996 0.391748352
1702.6 0.807797592
1709.9999999999998 0.599680767
1698.6999999999994 0.792925891
1694.9999999999995 0.648750019
1702.5999999999995 0.980210813
1698.6999999999994 0.619575846
1694.9999999999995 0.507888732
1698.6999999999994 0.501524565
1702.6000000000001 0.56629101
1737.1999999999996 0.699147714
1694.9999999999993 0.621983348
1702.5999999999995 0.777019076
1698.6999999999998 0.722125269
1721.8999999999996 0.706767333
1721.8999999999994 0.781968555
1694.9999999999995 0.98182202
1698.6999999999994 0.743333464
1695 0.532174564
1694.9999999999995 0.776143151
1759.2999999999997 0.368913499
1694.9999999999998 0.699482055
1716.4999999999995 0.75267756
1716.4999999999995 0.605199624
1695 0.543085805
1705.5999999999995 0.620425783
1702.6 0.734773428
1694.9999999999998 0.620500314
1694.9999999999993 0.582400182
1702.6 0.871463766
1694.9999999999995 0.845201096
1694.9999999999998 0.812265394
1698.6999999999994 0.571031971
1694.9999999999998 0.723302357
1702.5999999999997 0.575686177
1702.5999999999992 0.563589933
1702.6 0.661285313
1721.8999999999996 0.581521915
1695 0.506379083
1703.7000000000003 0.670916203
1694.9999999999995 0.603914018
1694.9999999999995 0.937811475
1698.6999999999996 0.551489578
1695 0.70837035
1694.9999999999995 0.76274153
1695 0.891261703
1694.9999999999995 0.615460061
1705.5999999999995 1.15673567
1694.9999999999995 0.96748689
1695 0.567900837
1695 0.510430647
1704.6999999999996 0.584795246
1694.9999999999995 0.584844254
1694.9999999999995 0.73782476
1694.9999999999998 0.614980586
1702.6 0.685724812
1694.9999999999998 0.714762193
1694.9999999999995 0.645475988
1702.5999999999997 0.491691601
1716.2999999999997 0.625331671
1698.6999999999996 0.571632327
1698.6999999999998 0.715691496
1703.7000000000003 0.412624089
1720.4999999999995 0.489774168
1716.4999999999993 0.570535474
1705.5999999999997 0.630274751
1698.6999999999994 0.527132808
1702.6 0.530105927
1694.9999999999998 0.594939207
1694.9999999999995 0.577430595
1705.5999999999992 0.508432791
1734.3999999999999 0.394842514
1702.6 0.520854369
1702.6 0.968428005
1698.6999999999996 0.52850714
1716.4999999999995 0.518280579
1694.9999999999995 0.579053178
1694.9999999999993 0.727945412
1702.5999999999995 0.363404162
1712.8999999999996 0.608822828
1716.3 0.699260227
1705.5999999999995 0.58697904
1698.6999999999996 1.006478224
1697.1 1.131438124
1695 0.534574549
1695 0.530237869
1702.6 0.437202428
1716.4999999999995 0.566589421
1716.4999999999993 0.449738977
1705.5999999999992 0.666019334
1694.9999999999998 0.796596014
1698.6999999999998 1.102811695
1702.5999999999997 0.80740484
1695.0000000000002 0.586002949
1710.5 0.872140917
1695 0.513650198
1698.6999999999996 0.5940833
1694.9999999999993 0.896166152
1695 0.544718877
1702.6 0.755996454
1702.3 0.760264643
1694.9999999999995 0.749107139
1695 0.418348993
1696.1 0.50632035
1694.9999999999995 0.617381835
1716.4999999999995 0.620713837
1723.3999999999999 0.596093725
1698.6999999999994 0.718611948
1754.799999999999 0.475942679
1721.8999999999994 0.634182738
1694.9999999999995 0.587215868
1694.9999999999995 0.624907736
1702.5999999999997 1.047677459
1695 0.499205456
1694.9999999999995 0.692478862
1705.5999999999997 1.144968967
1716.3 0.694513316
1702.5999999999997 0.825907673
1694.9999999999995 0.74542868
1702.5999999999995 0.681097992
1694.9999999999995 0.746759821
1694.9999999999995 0.90621994
1695 0.829841123
1694.9999999999998 0.712018122
1710.5 0.563718663
1698.6999999999998 0.8072375
1702.6000000000001 0.874234272
1705.5999999999997 1.002772814
1695 0.558623159
1694.9999999999995 1.077809302
1695 0.838238509
1723.4999999999998 0.782950373
1695 0.812405448
1694.9999999999998 0.769250558
1702.6000000000001 0.627727629
1702.6 0.467202951
1694.9999999999998 0.487480404
1702.6000000000001 0.578692376
1695 0.608929131
1712.9 1.12303847
1702.5999999999997 0.733781483
1695 0.810572522
1698.6999999999998 1.012385809
1694.9999999999995 1.038723348
1694.9999999999998 1.056538288
1694.9999999999998 0.445073049
1705.6 0.59526266
1694.9999999999995 0.953764303
1694.9999999999998 0.905268529
1695 0.513261019
1694.9999999999995 0.899017093
1702.5999999999995 0.623525341
1694.9999999999998 0.834205141
1695 0.717693102
1716.4999999999995 0.43422042
1695 0.641271427
1694.9999999999995 1.060960274
1722.6 0.897047779
1696.0999999999997 1.111188845
1702.6 0.486171631
1694.9999999999995 0.881477693
1721.8999999999996 0.621260898
1702.6 0.487257265
1698.6999999999996 0.492415339
1694.9999999999995 0.699241132
1694.9999999999993 0.751234602
1716.4999999999998 0.568291261
1694.9999999999998 0.604413213
1698.6999999999998 0.586789679
1720.5 0.505083859
1722.5999999999997 0.418101711
1702.6 0.475886829
1694.9999999999998 0.464778353
1695 0.588748477
1695 0.583243308
1705.5999999999992 0.637148018
1694.9999999999995 0.558040033
1698.6999999999994 0.504369907
1695 0.587912585
1702.5999999999997 0.685174338
1702.5999999999995 0.782737113
1694.9999999999993 0.698006757
1695 0.488184577
1694.9999999999995 0.987819185
1694.9999999999995 0.619967294
1714.1999999999996 0.388304443
1694.9999999999998 0.507123833
1702.6 0.546825582
1695 0.61155352
1698.6999999999994 0.418153124
1694.9999999999995 0.365142791
1694.9999999999995 0.456333623
1694.9999999999995 0.55020203
1710.4999999999995 0.611384225
1695 0.865976075
1694.9999999999998 0.639363007
1695 0.920990639
1721.8999999999999 0.471135039
1695 0.464519842
1702.5999999999997 0.530849496
1702.6 0.673670631
1694.9999999999995 1.553925618
1695 0.435883726
1694.9999999999993 0.616976304
1695 0.638242419
1702.5999999999992 0.88232354
1708.8999999999999 1.177851194
1694.9999999999998 0.733660136
1702.5999999999992 0.86627765
1694.9999999999995 0.759989067
1716.2999999999997 0.600585348
1698.3000000000002 0.509091669
1722.5999999999997 0.739388066
1694.9999999999995 0.874046737
1694.9999999999998 0.685962345
1694.9999999999995 0.979321155
1694.9999999999995 0.530654881
1783.8000000000004 0.221907666
1695 0.429416463
1698.6999999999996 0.589238604
1694.9999999999998 0.610136219
1694.9999999999998 0.496768171
1695 0.618998185
1702.5999999999995 0.502783354
1698.6999999999998 0.730226814
1695 0.540601767
1695 0.705311442
1694.9999999999998 0.571291878
1721.8999999999996 0.983385762
1716.4999999999998 0.458599836
1695 0.615489224
1702.6 0.528871674
1705.6 0.438824625
1759.9999999999995 0.39109617
1694.9999999999995 0.506350663
1695 0.500675428
1714.2 0.415023944
1695 0.55654218
1702.5999999999992 0.709620311
1695 1.078781259
1694.9999999999995 1.119035998
1705.6 0.398038876
1694.9999999999995 0.57492297
1694.9999999999998 0.554047008
1695 0.48772247
1716.2999999999997 0.952692583
1705.5999999999995 0.779261001
1698.6999999999996 0.595291729
1702.6 0.418923872
1694.9999999999995 0.555077069
1694.9999999999998 0.523719094
1716.4999999999995 0.610377012
1702.6000000000001 0.48726129
1695 0.603541312
1694.9999999999995 0.730670764
1702.5999999999997 0.727091579
1694.9999999999995 0.692764943
1694.9999999999995 0.665127845
1694.9999999999995 0.622303006
1695 0.615324355
1694.9999999999995 0.813162207
1716.4999999999995 0.630105682
1694.9999999999995 1.063105466
1702.5999999999995 1.023411167
1694.9999999999995 0.388509805
1705.5999999999997 0.853988881
1698.2 0.728096624
1702.5999999999995 0.746894388
1712.8999999999996 0.770297976
1716.4999999999995 0.44715273
1694.9999999999995 0.862807396
1716.4999999999995 0.894461991
1694.9999999999995 1.227026826
1698.6999999999994 0.926934804
1702.5999999999997 0.794517627
1769.8 0.432344308
1694.9999999999995 0.765572896
1694.9999999999995 0.93701569
1695 0.58133186
1702.5999999999995 1.069534013
1710.4999999999993 0.883205743
1695 0.799878215
1695 0.655368823
1695 0.682402364
1710.9999999999998 0.923868405
1705.5999999999995 0.641417901
1694.9999999999998 0.776545851
1694.9999999999993 0.709368898
1695 0.708931582
1694.9999999999995 1.011881019
1716.2999999999997 0.722637253
1698.6999999999996 0.528044535
1695 1.1987455360000001
1702.6 0.895435561
1695 0.410341249
1702.6 0.515293168
1694.9999999999995 0.985487421
1695 1.001953084
1702.5999999999997 1.004478629
1694.9999999999995 0.634461904
1694.9999999999993 0.996656273
1705.5999999999997 0.747576561
1695 0.720233383
1734.2999999999993 0.473611483
1694.9999999999998 0.665420462
1712.8999999999999 0.314376044
1702.6000000000001 0.736806831
1702.5999999999995 0.740228506
1695 0.54941883
1694.9999999999995 0.703541852
1702.6 0.483102251
1694.9999999999998 0.643413336
1720.4999999999995 0.496988227
1698.6999999999994 0.746979645
1712.9 0.760670716
1694.9999999999993 0.479565065
1705.8 0.569897877
1695 0.530260511
1695 0.573794282
1702.5999999999995 0.72824287
1694.9999999999995 0.692864681
1702.5999999999995 0.832274304
1695 0.618194328
1694.9999999999995 0.536926719
1716.4999999999995 0.472219907
1695 0.382821701
1694.9999999999998 0.421657365
1694.9999999999995 0.684620485
1695 0.346799216
1702.5999999999995 0.515724558
1702.6000000000001 0.413482004
1710.5 0.591794494
1747.8999999999999 0.406755206
1694.9999999999998 0.596692434
1695 0.609962215
1702.6 0.917693198
1698.6999999999998 0.755425511
1720.4999999999993 0.55242702
1694.9999999999995 1.214236104
1698.6999999999996 0.674222304
1702.6 0.401829207
1695 0.535848935
1695 0.500983359
1695 0.500604252
1705.5999999999997 0.612314899
1694.9999999999998 0.80927829
1695 0.796764159
1698.6999999999994 0.831564349
1702.5999999999995 0.475558586
1695 0.414613459
1698.6999999999996 0.503361541
1694.9999999999995 0.517822598
1694.9999999999998 0.639553104
1698.6999999999996 0.448128342
1705.5999999999997 0.470494619
1694.9999999999995 0.647441807
1694.9999999999998 0.685893828
1694.9999999999998 0.547372712
1694.9999999999995 0.876668249
1698.6999999999994 0.786124956
1694.9999999999995 0.555235965
1721.8999999999996 0.614091502
1698.6999999999998 0.675405287
1695 0.860737813
1695 0.737122143
1723.5 0.681080816
1705.5999999999995 0.505239517
1705.5999999999995 0.436483661
1695 0.503863002
1702.5999999999995 0.513327261
1702.5999999999997 0.516182034
1716.4999999999995 0.572332735
1694.9999999999995 0.582330584
1722.4999999999998 0.575763191
1695 0.421521475
1695 0.595830823
1695 0.563885728
1694.9999999999995 0.806823379
1698.6999999999996 0.719926168
1695 0.682246974
1695 1.095635873
1702.5999999999997 0.490239312
1694.9999999999995 0.552947842
1694.9999999999993 0.76300391
1694.9999999999998 0.813026497
1695 0.308851006
1694.9999999999993 0.544282323
1694.9999999999993 0.965838852
1716.5999999999997 0.314154703
1698.6999999999996 0.832623434
1694.9999999999993 0.644789789
1710.4999999999995 0.753729598
1695 0.807050624
1721.8999999999996 0.668766962
1695 0.434089226
1702.6 0.52585786
1751.7 0.596510654
1695 0.857535653
1705.5999999999997 0.725451209
1697.1 0.564859203
1694.9999999999995 0.591345205
1694.9999999999995 0.556674787
1694.9999999999995 0.526854008
1694.9999999999995 0.558206536
1698.7 0.966191315
1694.9999999999995 0.748429263
1724.5 0.594123481
1694.9999999999995 0.734994567
1702.6 0.969094988
1716.4999999999995 1.703059646
1710.4999999999995 0.476039155
1694.9999999999993 0.435295068
1694.9999999999995 0.538274414
1734.2999999999995 0.581650112
1694.9999999999998 0.584340736
1702.6 0.816742585
1716.4999999999995 1.061412946
1695 0.688027568
1695 0.622247913
1718.6999999999996 1.428401117
1702.5999999999995 0.682032315
1705.5999999999995 0.642280857
1694.9999999999995 0.690456224
1721.8999999999996 0.467282759
1702.6 0.591910164
1702.6 0.664832844
1694.9999999999995 0.79298226
1698.6999999999996 0.377357578
1722.5999999999995 0.6270502
1705.5999999999997 0.818968816
1705.5999999999997 0.913782191
1694.9999999999995 0.720100282
1702.6000000000001 0.430441824
1695 0.878322995
1702.5999999999995 0.339316933
1695 0.605987827
1702.5999999999992 0.715580392
1702.5999999999997 0.532564337
1722.5999999999997 0.506426104
1705.5999999999997 0.516301744
1695 0.508745445
1695 0.453992695
1694.9999999999995 0.771271696
1702.6 0.822837677
1694.9999999999995 0.59397945
1694.9999999999995 0.803604184
1694.9999999999995 0.665279184
1695 0.65240401
1702.5999999999995 0.858459307
1702.6 0.566074898
1697.0999999999995 0.578795216
1701.9999999999995 0.4928711
1702.5999999999995 0.537859506
1694.9999999999995 0.460863301
1695 0.412314731
1695 0.400276115
1695 0.657103166
1702.6 0.548829822
1694.9999999999995 0.750687417
1710.4999999999995 0.750522364
1695 0.55170187
1694.9999999999998 0.525737216
1698.6999999999998 0.573145386
1694.9999999999998 0.5993857
1694.9999999999995 0.780869993
1716.2999999999997 0.602191967
1712.9 0.51828242
1718.6999999999996 0.711266152
1720.4999999999998 0.577085165
1694.9999999999998 0.671868393
1734.1999999999998 0.371091484
1694.9999999999993 0.826794106
1702.6 0.515846162
1694.9999999999995 0.560665195
1695 0.559988042
1694.9999999999995 0.701696629
1695.0000000000002 0.868098523
1722.5999999999995 0.471321449
1702.6000000000001 0.809760851
1722.5999999999995 0.667868537
1702.6 0.517092436
1694.9999999999993 0.474429834
1702.6 0.599080933
1698.6999999999996 0.615232018
1695 0.63862979
1695 0.504318188
1695 0.308727662
1702.6000000000001 0.704380082
1694.9999999999998 1.1521843170000001
1739.7999999999997 0.470012424
1694.9999999999995 0.700344385
1702.6 0.987441582
1695 0.728208451
1695 0.944237816
1694.9999999999995 0.522914011
1695 0.576743028
1705.6 0.570641606
1698.6999999999996 0.963926857
1694.9999999999995 0.809129012
1694.9999999999998 0.709635792
1694.9999999999995 0.89901111
1702.6 0.679695885
1716.4999999999995 0.780846056
1696.0999999999992 0.956510519
1695.0000000000002 0.694495953
1694.9999999999995 1.178107051
1702.6 0.535221426
1721.8999999999996 0.71062954
1694.9999999999998 0.560289061
1717.3999999999996 0.725559318
1695 1.109725198
1694.9999999999998 0.527777771
1694.9999999999998 0.55483669
1705.5999999999995 1.207916246
1694.9999999999995 0.582173053
1694.9999999999998 1.1418363440000001
1694.9999999999995 0.850023391
1697.0999999999995 0.656807212
1702.6 0.757757832
1716.4999999999998 0.560502378
1694.9999999999993 0.820926531
1695 0.792039395
1694.9999999999995 0.712122709
1694.9999999999995 0.779260629
1702.6 0.469539394
1695 0.672075248
1698.6999999999994 0.911370822
1698.6999999999994 0.728598909
1694.9999999999993 0.996110975
1695 0.81235919
1702.5999999999997 0.486350349
1694.9999999999995 0.814814732
1694.9999999999998 1.29377417
1702.6 0.472587125
1702.5999999999997 0.43572224
1702.6000000000001 0.514358578
1695 0.988855886
1695 0.702846122
1712.8999999999996 0.575017458
1716.4999999999998 0.487533835
1702.6000000000001 0.846718908
1695 0.668833297
1698.6999999999996 0.978922739
1698.1999999999998 0.623247768
1698.6999999999994 0.683017696
1716.4999999999995 0.435301224
1702.5999999999997 0.564014666
1705.5999999999997 0.540318561
1702.6 0.739052229
1694.9999999999995 0.399760995
1694.9999999999995 0.532473621
1716.2999999999995 0.524031736
1702.6 0.856730322
1702.6 0.441387877
1695 0.446036542
1702.6 0.523287251
1695 0.966421226
1712.8999999999996 0.813298286
1695 0.794369462
1695 0.700503287
1722.5999999999997 0.439380159
1702.6 0.601905712
1694.9999999999998 1.148101988
1694.9999999999993 0.542687641
1702.5999999999995 0.517865544
1705.5999999999997 0.734509113
1705.5999999999997 0.75331254
1694.9999999999993 0.616196469
1698.6999999999998 0.451271003
1694.9999999999995 0.780499268
1694.9999999999995 1.120931574
1722.8 0.888334475
1702.5999999999992 1.059956748
1710.4999999999993 0.707255254
1698.6999999999996 0.728264527
1705.5999999999995 0.833166294
1712.8999999999996 0.566725559
1722.5999999999997 0.587684313
1702.6 0.723970638
1694.9999999999993 1.038408523
1694.9999999999995 0.603982886
1702.6 0.74112583
1695 0.457718729
1695 0.677343034
1702.6 0.724019531
1702.5999999999997 0.551223428
1698.6999999999996 0.694179084
1698.3 0.588137136
1702.5999999999997 0.569410658
1732.8999999999999 0.533280153
1702.5999999999997 0.719531808
1695 0.852355046
1695 0.585067127
1694.9999999999995 0.729489731
1705.6 0.840766733
1694.9999999999998 0.649965788
1702.5999999999995 1.000216297
1695 0.530270339
1694.9999999999998 0.76423059
1694.9999999999995 0.855121493
1694.9999999999993 1.006289405
1694.9999999999998 0.912632146
1702.5999999999997 0.761545375
1695 0.943807428
1695 1.076352378
1695 1.115120696
1695 0.490125499
1695 0.777647103
1694.9999999999995 0.642369364
1694.9999999999995 1.4429983960000001
1698.6999999999994 0.836833431
1705.5999999999995 0.540169238
1702.5999999999995 0.573254444
1695 0.496276371
1694.9999999999998 0.385828819
1695 0.414166229
1695 0.567770948
1694.9999999999998 0.680730408
1716.5 0.670786151
1694.9999999999998 0.961388385
1710.4999999999995 1.051839651
1702.5999999999997 0.432012883
1694.9999999999995 0.812208859
1702.5999999999992 0.549487141
1702.6 0.460096886
1694.9999999999995 0.401448924
1695 0.448604691
1694.9999999999995 0.451906204
1702.6 0.502137911
1695 0.761298081
1702.6 0.50973089
1710.5 0.542444702
1710.4999999999995 0.607922182
1702.6 0.773821707
1702.5999999999995 0.691571924
1694.9999999999998 0.473869351
1702.5999999999997 0.52677309
1702.6 0.445680472
1695 0.73889443
1716.4999999999995 0.536333198
1716.4999999999998 0.69548595
1695 0.695551143
1705.5999999999992 0.544012676
1694.9999999999995 0.555618907
1695 0.779095768
1694.9999999999995 0.625842659
1694.9999999999998 0.551035621
1702.6 0.545020322
1694.9999999999995 0.898127297
1694.9999999999998 0.729272711
1695 0.511141907
1698.6999999999998 0.717492409
1695 0.852050591
1702.6 1.140881468
1698.6999999999998 0.671151786
1698.6999999999994 1.154446217
1694.9999999999995 0.730967622
1718.6999999999996 0.611018754
1694.9999999999995 0.648503116
1695 0.526100799
1694.9999999999993 0.66418211
1710.4999999999995 0.402127054
1695 1.016056825
1694.9999999999998 0.745725359
1721.8999999999996 0.786781582
1694.9999999999995 1.014950944
1694.9999999999998 0.421064809
1702.5999999999995 0.767828028
1702.6000000000001 0.333684712
1702.5999999999997 0.485058704
1695 0.558851284
1705.5999999999995 0.810746799
1694.9999999999995 0.896903757
1694.9999999999995 0.61033608
1702.6 0.719133722
1694.9999999999995 0.659382763
1698.6999999999994 0.391070018
1694.9999999999993 0.955680784
1694.9999999999998 0.740352492
