1955.1999999999998 1.890311592
1949.8999999999992 1.465125803
1950.7999999999993 2.008138734
1942.299999999999 2.012797323
1945.9999999999998 2.189693704
1978.7999999999997 0.821162645
1942.2999999999993 1.427625204
1942.2999999999997 1.1295744189999999
1978.8 1.201910766
1945.9999999999993 1.1897301630000001
1949.8999999999992 1.1753158400000001
1942.2999999999997 1.069563295
1946.8999999999999 1.075381263
1942.299999999999 1.006899836
1942.3 1.529837154
1949.8999999999996 1.952150161
1949.8999999999999 1.251535697
1990.6999999999991 0.910024617
1942.299999999999 1.574837286
1942.2999999999997 1.585672303
1986.6999999999996 1.411122123
1975.1 2.255918328
1942.2999999999997 1.416073952
1977.4999999999998 1.150235423
1958.6999999999994 1.581393909
1949.8999999999999 1.680494648
1975.599999999999 1.707830629
1994.1999999999996 1.545452621
1978.8 1.848746546
1942.2999999999993 1.894834398
1946 2.380900989
1955.1999999999998 1.611759092
1981.999999999999 2.004451146
1949.8999999999996 1.303482603
1946 0.89510333
1945.9999999999998 1.2185244960000001
1942.2999999999995 1.5061646560000002
1942.3 0.574193455
1969.899999999999 2.116822984
1943.1999999999998 1.3375441430000001
1943.1999999999994 2.024460652
1942.2999999999995 1.736520034
1995.7 1.392622324
1942.299999999999 1.32790663
1942.299999999999 0.985806404
1942.299999999999 1.164684885
1942.2999999999997 1.299060072
1949.8999999999992 1.234496717
1942.2999999999997 0.939077303
2010.4999999999998 0.987714331
1949.8999999999996 1.292420168
1942.3 1.236982396
1982.999999999999 1.073935846
1942.2999999999995 1.7590395939999999
1952.8999999999996 1.5022740570000002
1942.3 2.659553608
1946 2.432677283
1978.7999999999997 1.473132998
1949.8999999999999 1.5498548030000001
1945.9999999999995 1.494766073
1945.9999999999998 2.585062656
1949.8999999999996 1.247187454
1973.4999999999995 0.936024916
1942.2999999999995 1.728352782
2000.2999999999995 1.3643346
1950.7999999999993 1.005713498
1942.3 1.907137438
1942.2999999999993 1.9143962829999999
1942.2999999999993 2.013153596
1957.7999999999997 0.920895551
1975.599999999999 1.271523134
1943.8999999999992 1.11283684
1942.299999999999 1.275162098
2002.9999999999995 0.995674416
1989.5000000000002 1.034604818
1949.8999999999996 1.9297827889999999
1943.1999999999998 0.802006983
1981.3999999999999 0.825937205
1950.7999999999997 1.298036747
1942.2999999999997 1.3941363500000001
1942.2999999999997 1.196766638
1958.8999999999999 1.538186467
1985.3999999999996 2.25196871
1949.8999999999996 1.6662256279999998
1969.3999999999994 1.053324919
1958.8999999999999 1.23439287
1949.8999999999994 1.074275817
1980.4999999999993 1.8614415690000001
1943.1999999999994 1.24445775
1949.8999999999999 1.011796029
1994.4999999999995 0.97666243
1949.8999999999996 1.074215247
1969.8999999999996 1.002043186
2001 1.008126069
1957.7999999999993 1.048081628
1978.7999999999997 1.017846924
1949.8999999999996 0.762047267
1975.0999999999997 1.418225761
1955.1999999999998 1.395767848
1969.3999999999999 1.188442212
1955.1999999999991 1.6664587069999999
1949.8999999999992 2.000418488
2024.7999999999997 1.659855147
1958.8999999999999 1.246476881
1946 1.241630422
1942.299999999999 0.867223196
1942.3 1.705319638
1942.299999999999 1.168840199
1946 1.950517328
1949.8999999999996 1.477758476
1942.2999999999997 1.4132573449999999
1942.2999999999995 1.023157301
1950.7999999999993 1.6238410760000002
1960.4999999999998 1.408298109
1943.1999999999994 1.061570928
1973.5999999999995 1.2925126
2019.6999999999994 0.924273183
1942.2999999999993 1.053953412
1942.2999999999997 1.112946557
2014.9999999999998 0.966541854
1978.7999999999997 1.105338038
2003.1999999999998 1.32001418
1973.5999999999995 1.131685894
1997.4999999999993 0.794736721
1973.4999999999995 0.940002908
1952.5999999999995 1.679966622
1942.299999999999 2.001524313
1960.499999999999 1.6112219749999999
1975.1 1.844803618
1942.2999999999997 1.684546576
1987.8000000000002 1.26716866
1961.4999999999998 1.762642618
1962.0999999999997 2.522194828
1946 1.294114334
1967.3999999999992 1.980885555
1942.299999999999 2.685502181
1974.0999999999995 1.941173847
1985.3000000000002 1.917388613
1946 2.317834033
1942.2999999999997 2.143928137
1978.7999999999997 1.5215561210000002
1942.2999999999997 1.568773029
1980.4999999999998 1.3629076900000001
1949.8999999999992 1.306427964
1973.7999999999997 1.027487374
1945.9999999999998 2.655162867
1955.1999999999998 1.154739779
1973.6 1.103112668
1971.6 1.9509017
1967.3999999999999 1.636191974
1942.2999999999997 1.84495724
2004.9 1.207721483
1969.7999999999997 2.943757912
1942.2999999999997 2.7636445849999998
1945.9999999999993 1.89676362
1969.7999999999993 1.103550466
1985.4999999999993 1.650486344
1986.6999999999996 0.675591622
1978.7999999999997 1.070817393
1942.2999999999997 0.85561641
1943.1999999999996 1.095336564
1986.8999999999994 2.329426108
1946.8999999999994 1.666580816
1946.8999999999999 2.33355671
1975.599999999999 2.702098518
1950.9999999999998 1.6633464789999999
1962.7999999999997 1.034182942
1981.0999999999997 1.121807697
1962.2999999999997 0.712677614
1942.3 1.31552482
1942.2999999999997 1.723582913
1942.2999999999997 2.61019231
1978.8 1.4814851039999999
1955.1999999999998 0.819596327
1943.1999999999991 1.289631411
1949.8999999999996 0.842384402
1981.9999999999989 1.076131078
1942.299999999999 0.861556493
1949.8999999999996 1.147837482
1949.8999999999996 0.94624844
1979.5000000000005 0.724326756
1946 0.793021402
1949.8999999999992 1.030736457
1946 1.433080715
1942.299999999999 1.3709799409999999
1949.8999999999999 1.267571419
1949.8999999999996 1.471168086
1943.1999999999996 1.546596011
1942.3 0.911280024
1943.1999999999991 2.109113464
1949.8999999999996 1.516983151
2022.6999999999994 1.6807931919999999
1967.3999999999992 1.150509705
1977.9999999999998 0.872271623
1986.6999999999998 1.327108695
1943.1999999999996 1.234652738
1965.7 1.368892748
1988.5 0.834211768
1955.1999999999991 1.214549858
1942.299999999999 1.464197641
1942.299999999999 1.919248911
1942.3 1.602693576
1946 1.132513274
1967.3999999999994 1.1630711009999999
1942.2999999999997 1.6675645399999999
1942.2999999999995 1.089087121
1942.2999999999997 0.788565853
1942.2999999999997 1.087079037
1942.3 1.002784974
1942.299999999999 0.990956914
1967.3999999999992 2.094416323
1958.6999999999996 1.007143754
1957.7999999999993 1.929572085
1946.6 1.665106454
1942.2999999999997 2.391503775
1942.2999999999997 2.092968859
1950.2999999999997 0.859618612
1971.8999999999996 0.915470164
1949.8999999999992 1.2958375260000001
2003.6999999999994 1.236076331
1949.8999999999999 0.819381857
1942.2999999999997 0.897005218
1982.6999999999996 1.148496801
1970.6999999999996 1.36865999
1982.6999999999994 2.015195777
1949.8999999999994 1.1619783240000001
1943.1999999999991 1.194016361
1942.2999999999997 1.629550531
1942.2999999999997 1.022883635
1978.8 2.2733404569999998
2010.4999999999995 0.935895258
1989.3999999999999 2.587377729
1969.3999999999994 3.021525987
1942.299999999999 1.977114177
1942.3 2.073983133
1946 1.088271977
1942.2999999999993 2.718063891
1942.2999999999995 3.009940801
1942.3 1.5231501779999999
1942.2999999999997 1.896505296
1955.1999999999998 2.05347651
1942.2999999999997 2.281076596
1946.8999999999999 1.345820708
1964.1999999999998 1.51233712
1993.6999999999996 1.928224915
1985.2999999999997 1.2584522470000001
1949.8999999999999 1.5884634850000001
1945.9999999999998 1.1330949559999999
1942.2999999999997 0.877728802
1985.6999999999991 0.900259346
1942.299999999999 1.5399674060000001
1942.2999999999993 1.646576076
2000.9999999999993 0.781630167
1942.299999999999 1.399374685
1946 2.01996229
1955.1999999999991 1.927669699
1977.4999999999993 1.89902868
1962.7999999999997 1.803264596
1945.9999999999993 1.7281936839999998
1961.4999999999993 1.442626801
1985.3999999999996 1.766528401
1949.8999999999996 1.859085974
1985.6999999999998 0.90703267
1946.5999999999995 1.738301882
1942.3 2.265913244
2001 0.977335542
1942.3 1.447122202
1942.2999999999997 0.943688348
1942.299999999999 1.562802504
1950.899999999999 0.987731577
1945.9999999999995 0.863430935
1942.299999999999 2.350935664
1942.2999999999997 0.944899068
1942.2999999999995 1.194568375
1942.299999999999 1.094027442
1949.8999999999999 1.97746696
1982.6999999999994 0.919706496
1949.8999999999994 2.327538961
1942.299999999999 1.159545502
1974.1999999999996 1.537661472
1942.299999999999 1.133026914
1946 0.981155356
1945.9999999999998 1.313953357
1946 1.213981193
1945.9999999999998 1.444186519
1969.7999999999993 0.930792069
1985.6999999999991 1.34266028
1942.299999999999 1.947176676
1955.1999999999998 2.026153981
1949.8999999999996 2.242804138
1962.7999999999993 1.032275763
1981.999999999999 1.077534773
1969.3999999999994 1.617137391
1942.2999999999993 1.347378035
1949.8999999999999 1.165500037
1949.8999999999996 0.978801866
1942.2999999999993 1.886562479
1942.299999999999 1.350208291
1981.999999999999 1.329499196
1942.299999999999 1.216323348
1978.8 1.463139833
1986.6999999999996 1.606427711
1945.9999999999998 2.157912616
1942.299999999999 1.072464833
1975.0999999999995 1.3931558019999999
1981.999999999999 1.274937723
1942.2999999999997 1.212936711
1942.2999999999993 0.839852318
2000.9999999999998 1.269413314
2023.7000000000003 0.97053074
1977.9999999999998 1.288987444
1942.299999999999 1.308483713
1946.8999999999996 1.797341994
1946 1.354613606
1950.7999999999993 1.238287476
1949.8999999999999 0.877161321
1942.2999999999997 1.305534959
1949.8999999999996 1.073967066
1982.2999999999997 1.657360328
1949.8999999999994 1.8191042830000002
1945.9999999999995 2.033333367
1945.9999999999995 1.879877953
1942.3 2.249457974
1955.1999999999998 1.230654839
1981.9999999999998 2.215315097
1945.9999999999998 1.716404349
1942.299999999999 1.533421537
1942.2999999999997 0.897443498
1949.8999999999992 1.95788291
1976.4999999999993 2.572531646
1948.4 3.03788128
1942.299999999999 2.003999289
1942.2999999999997 2.82955925
1949.8999999999996 1.020482829
1942.2999999999993 1.022353144
1955.1999999999998 1.5868561429999999
1969.7999999999993 0.894037003
1942.299999999999 2.10615523
1949.8999999999999 0.819578611
1986.5999999999995 0.862314585
1942.299999999999 1.709472349
1949.8999999999999 1.6028672990000001
1970.6999999999994 1.535726395
1986.6999999999998 1.297622499
1955.1999999999991 1.128021366
1996.8999999999999 1.065606906
1945.9999999999993 1.12136526
2012.8 0.790688493
1949.8999999999992 1.011844479
1955.1999999999998 1.006004424
1955.1999999999998 1.8223272719999999
1945.999999999999 1.533885586
1950.8999999999992 1.785227764
1942.2999999999997 2.161501928
2040.4999999999998 1.296524023
2009.2999999999995 1.08810591
1949.8999999999999 1.9677595970000001
2013.2 1.846140482
1969.7999999999997 1.0480347
1946.8999999999994 1.401861819
1942.299999999999 1.394618941
1946.8999999999999 1.678704671
2000.9999999999998 0.831692961
1949.8999999999992 2.849973747
1969.4 2.792385213
1949.8999999999996 2.128159666
1942.2999999999997 1.088282763
1946 1.25714698
1942.2999999999997 0.840648511
1945.9999999999995 0.829481917
1943.1999999999994 2.812957705
1942.2999999999997 3.006736212
1946.8999999999999 1.151506232
1978.8 1.2490219200000001
1942.2999999999997 2.923150098
1981.0999999999995 1.8181947269999998
2003.1999999999996 1.353823898
1963.1 0.838173485
2004.9 1.244532299
1943.1999999999996 1.507376456
1946.8999999999996 1.9460636980000001
1985.3999999999996 1.720747869
1986.3999999999999 0.80630131
1962.7999999999997 1.48630788
1982.6999999999996 1.033523399
1942.2999999999997 2.202160247
1975.0999999999997 1.993969188
1954.5999999999992 1.84526097
1945.9999999999998 1.217601192
1945.9999999999998 1.749878225
1945.9999999999998 1.059443382
1942.299999999999 1.162751967
1942.3 1.291845242
1942.299999999999 2.147985622
1949.8999999999992 2.318021579
1942.2999999999993 1.435865946
1949.8999999999999 1.065777075
1945.9999999999995 1.726049065
1986.6999999999991 1.35611045
1993.1999999999996 1.573740616
1949.8999999999992 1.344557695
1985.4 1.361767357
1942.299999999999 1.207732807
1969.3999999999999 2.024974275
1983.499999999999 1.360628793
1986.6999999999996 2.012449247
1950.8999999999996 2.729122253
1942.2999999999995 1.667158146
1998.3999999999994 2.529246315
1950.8999999999999 1.6703833019999998
2000.9999999999995 1.149728556
1950.7999999999997 0.954209699
1954.1999999999996 1.093088546
1942.299999999999 1.434338971
1946.8999999999996 0.952978817
1949.8999999999992 1.072491972
1942.2999999999997 1.745989474
1997.9999999999998 1.342002784
1942.2999999999993 1.187995563
1942.2999999999995 1.089271956
1942.2999999999997 0.950045963
1958.6999999999996 2.097426624
1946.8999999999999 1.460336528
1981.9999999999993 1.6405808560000001
1943.2 1.323733405
1986 1.5833307300000001
2004.4999999999995 1.493116025
1942.3 1.702676342
1942.3 1.305383143
1949.8999999999994 1.368881451
1946 1.16699546
1980.4999999999998 1.591841915
1942.2999999999997 0.881510852
1987.2999999999997 2.3748924750000002
1945.9999999999995 1.044995338
1988.9999999999998 0.626509496
1946 1.222831227
1942.2999999999993 1.17490404
1946 1.463423648
1969.7999999999993 0.997444231
1981.9999999999993 1.8496534489999998
1949.8999999999996 0.933633791
1942.299999999999 1.321187782
1969.7999999999993 0.932480729
1942.2999999999997 1.012424615
1969.8999999999999 2.083355182
1942.299999999999 1.791061044
2022.2999999999997 0.809534339
1942.2999999999993 2.137468879
1962.7999999999997 0.887466941
1955.1999999999991 2.239993637
1942.299999999999 2.311999479
1980.499999999999 1.453936183
1983.5999999999992 1.245290218
1949.8999999999992 1.90280716
1988.299999999999 2.313087661
1981.9999999999993 1.7877904550000001
1942.299999999999 1.603007415
2013.5 0.780609736
2000.2999999999995 1.172524673
2004.9 1.118394893
1942.2999999999993 1.333990792
1955.1999999999998 1.686887458
1985.2999999999997 1.661041819
1987.2999999999995 1.6878933809999999
1942.299999999999 1.663591631
1955.1999999999998 1.781633864
1942.2999999999997 1.724702585
1942.299999999999 1.218254205
1942.299999999999 1.818017787
1942.3 2.440454381
1942.2999999999997 1.574887763
1980.5 1.198044954
1949.8999999999999 1.941473139
1958.8999999999992 2.625921901
2002.9999999999995 1.266093028
1946 0.746055395
1942.299999999999 1.162724905
1942.2999999999997 1.3760361429999999
1942.299999999999 1.612456031
1982.6999999999998 1.233502443
1942.2999999999997 1.087716967
1942.299999999999 0.851948786
1942.299999999999 0.869856225
1945.9999999999998 1.490570518
1988.9999999999995 1.934494691
1972.9999999999998 3.115757645
1942.2999999999997 1.259709948
1942.299999999999 1.049935784
1950.7999999999997 1.307590533
1981.999999999999 2.666154943
1946.8999999999999 2.262486266
2035.6999999999998 0.558269012
1978.7999999999997 1.672070965
1943.1999999999996 2.226305476
1942.2999999999995 1.7684829720000002
1942.299999999999 1.0902054350000001
1942.299999999999 1.8097513219999999
1945.9999999999998 2.549532171
1942.2999999999997 1.386225367
1961.4999999999995 1.200345697
1955.1999999999998 1.274700874
1962.0999999999995 1.695514137
1973.2999999999997 1.759976316
1942.2999999999997 0.999801766
1950.8 1.5333023780000001
1962.7999999999993 1.064426427
1955.1999999999998 0.845410972
1942.299999999999 1.400407536
1946 1.3361230499999999
1942.299999999999 0.84918726
1979.9999999999993 1.138611404
1946.8999999999996 0.665988949
1942.299999999999 1.288380291
1949.8999999999996 0.958715239
1985.2999999999997 0.731578756
1991.1999999999994 1.103398403
1942.2999999999997 0.891163836
1942.2999999999993 1.2586082219999999
1958.8999999999999 1.040242398
1973.5999999999997 1.49342008
1942.299999999999 1.252688095
1942.2999999999997 1.301903847
1946.8999999999996 1.970292918
1943.1999999999991 1.426931083
1973.5999999999997 1.362489462
1942.2999999999993 1.922460463
1975.1 1.6338542980000001
1945.9999999999998 2.891905358
1955.1999999999991 2.358714021
1949.8999999999996 2.667328672
1945.9999999999995 2.159401346
1969.7999999999997 1.331987405
1955.1999999999991 1.957254155
1946 2.123841336
1945.9999999999995 1.165920789
1946.8999999999994 2.155185143
1942.2999999999995 1.756162301
1942.2999999999997 0.832646741
1969.7999999999997 1.552957935
1945.9999999999995 1.210573145
1949.8999999999992 1.4861056000000001
1942.2999999999995 1.2405798909999999
1977.9999999999995 1.64739403
1998.5999999999997 0.904763847
1983.499999999999 0.886177275
1980.4999999999998 2.448589507
1942.2999999999997 2.855054624
1997.2999999999993 1.580600289
1992.9999999999993 1.3946191510000001
1949.8999999999996 1.592717347
1978.8 1.034653148
2012.7999999999995 1.449222679
1942.3 1.3640141319999999
1945.9999999999995 1.39600372
1969.7999999999997 1.575501775
2004.9 1.514186703
1942.299999999999 2.176537174
1978.7999999999997 1.274354182
1949.8999999999996 1.9933643220000001
1979.9999999999993 1.5529220750000001
1986.8999999999996 1.002406745
1942.299999999999 1.151990889
1943.1999999999994 1.346181005
1949.8999999999992 1.6503190540000001
1942.3 1.731239717
2042.8999999999999 0.546462616
1958.8999999999999 1.237598464
2002.6 1.116803961
1994.6999999999996 1.853742817
1955.1999999999998 3.028727046
1950.8 1.355479504
1974.9 2.6408424249999998
1949.8999999999999 1.420077268
1969.8999999999996 1.3973474590000001
1949.8999999999996 0.987499983
1981.3999999999999 1.8405273690000001
1973.5999999999992 1.614839248
1943.1999999999991 1.6268413910000001
1965.6999999999998 1.799643822
1958.8999999999999 1.617186397
1982.6999999999996 1.6212000949999998
1969.7999999999997 1.093087799
1946.8999999999999 1.837388966
1958.499999999999 2.317878189
1987.3 1.242883885
1949.8999999999992 1.619464523
1949.8999999999999 1.070325959
2003.1999999999994 1.134881669
2020.1999999999996 1.2909419469999999
1949.8999999999992 1.190180367
1946.8999999999999 1.47350209
2031.8999999999999 0.784615293
1954.5999999999995 1.4811488210000001
1946 1.828748997
1949.8999999999999 0.982998742
1943.1999999999998 1.3249626970000001
1949.8999999999999 1.729981604
1997.3 1.04723106
1962.7999999999997 1.478470772
2010.4999999999998 1.018718303
1942.2999999999993 1.2949327560000001
1958.8999999999999 1.252694867
1978.7999999999997 0.886316809
1950.8 1.714382657
1961.4999999999995 2.375160071
1945.9999999999998 1.993496789
1949.8999999999999 2.004805042
1945.9999999999995 1.164924377
1962.7999999999993 1.079839309
1942.299999999999 2.317769373
1943.1999999999994 4.059838427
1985.6999999999991 1.085605732
1954.4999999999995 1.988903394
2014.7999999999995 0.993546805
1988.2999999999995 1.5802420609999999
1983.499999999999 0.832266772
1978.8 1.687264232
1942.299999999999 1.687540569
1942.299999999999 1.468546109
1946.8999999999999 1.364489577
1946.8999999999999 2.166320457
1942.299999999999 2.299177473
1950.7999999999995 1.92778833
1967.3999999999996 1.026521
1949.8999999999996 0.934329147
1942.2999999999997 1.164477328
1955.1999999999994 1.085610026
1955.1999999999998 0.659765905
2021.4999999999995 2.193065756
2001 0.771330152
1978.7999999999997 0.977738815
1978.8 1.214951767
1942.2999999999997 1.283859997
1942.2999999999997 1.176764481
1949.8999999999999 1.1037694120000001
2002.9999999999995 1.714012001
1949.8999999999996 1.404641262
1984.7999999999993 1.537405482
2032.6999999999996 0.698927758
1942.2999999999993 1.124644479
1967.3999999999994 1.746611095
1955.1999999999991 0.873839986
1946.8999999999999 0.83467068
1949.8999999999992 1.041221759
1969.7999999999993 1.584221478
1978.8 1.403290991
2033.6999999999996 1.7573002130000002
1942.3 1.700803423
1942.2999999999997 1.314877691
1978.7999999999997 1.625225483
1946.8999999999999 1.907148073
1945.9999999999995 0.806212699
1946 2.088704351
1962.2000000000003 1.337841125
1942.2999999999997 1.089276702
1999.8999999999992 1.382265586
1969.7999999999993 1.708447284
1986.0999999999995 1.003012395
1960.6 1.221442303
1967.3999999999996 0.844645922
2000.099999999999 1.047603402
1997.9999999999995 0.960957953
1949.8999999999992 1.311062734
1974.3999999999994 1.122625795
1957.7999999999995 1.433676907
1949.8999999999992 1.49688737
1970.1 2.103088996
1943.1999999999996 2.308356912
1942.2999999999993 2.855449218
1942.2999999999995 1.047373686
1949.8999999999996 2.888100958
1943.1999999999996 2.516341179
1962.3999999999992 1.78596799
1943.1999999999994 2.353380312
2046.1999999999994 1.5884642549999999
1942.2999999999997 2.083291565
1942.3 2.25780192
1996.8 2.313657347
1965.6999999999996 2.078208287
1942.2999999999993 1.458680181
1946 2.431824404
2000.099999999999 1.7738565419999999
1942.2999999999993 1.3339868400000001
1962.3999999999994 1.281336315
1943.1999999999996 1.201671214
1942.2999999999997 1.139952568
1942.299999999999 1.464823671
1990.6999999999996 1.337074846
1942.3 2.041738972
1962.7999999999997 2.675201919
1988.4999999999993 1.379406569
1945.9999999999998 0.988762159
1949.8999999999992 1.436020015
2000.9999999999998 0.840833811
1969.3999999999999 1.498716905
1942.2999999999997 0.694678133
1945.9999999999993 2.074685875
1942.2999999999997 2.355350749
1962.7999999999997 1.453232173
1949.8999999999992 1.409550096
1965.8999999999992 1.6268943500000002
1942.299999999999 0.94222385
1955.1999999999998 2.171464948
1949.8999999999992 1.923967794
1949.8999999999992 1.932665662
1942.3 1.07757064
1978.7999999999997 1.249140156
1955.1999999999998 1.248004041
1942.2999999999997 1.505809164
1991.5 0.833332601
1975.3999999999994 0.879226937
2001 1.155838688
1959.2000000000003 1.956845506
1963.0999999999992 1.848888188
1942.299999999999 1.88574611
2025.0999999999997 0.905480684
1942.299999999999 1.804638793
2008.2999999999995 1.3722915580000001
1943.1999999999991 1.6105233509999999
2000.099999999999 1.38118085
1942.2999999999997 0.755465046
2006.7999999999997 1.451409768
1942.2999999999993 1.890134263
1946 2.224191612
1974.3999999999992 1.312466265
2009.5999999999997 1.894032425
1946 1.386157439
1945.9999999999998 0.910024804
1946 1.100284925
1942.2999999999997 0.833749349
